RESPOND_ID,EXAMIN_YM,SEXDSTN_FLAG_CD,AGRDE_FLAG_NM,ANSWRR_OC_AREA_NM,HSHLD_INCOME_DGREE_NM,PRCHS_MTH_NM,BOOK_DISC_DVD_PRCHS_AT,PBLPRFR_DSPY_EXPRN_PRCHS_AT,GAME_PRCHS_AT,MUSIC_STRMNG_DWLD_VCH_PRCHS_AT,MVP_STRMNG_DWLD_VCH_PRCHS_AT,CLTUR_DGTL_CNTNTS_ETC_PRCHS_AT
237377,202302,M,20대,강원도,700만원 이상,온라인,N,N,Y,Y,N,N
306059,202302,M,20대,경기도,무응답,온라인,N,N,N,N,N,N
311633,202302,M,20대,전라남도,700만원 이상,온라인,N,N,Y,N,N,N
347540,202302,M,20대,강원도,700만원 이상,온라인,N,N,N,N,N,N
348124,202302,M,20대,전라북도,300이상500만원 미만,오프라인,N,N,N,N,N,N
349455,202302,M,20대,제주특별자치도,300이상500만원 미만,오프라인,N,N,N,N,N,N
349461,202302,M,20대,부산광역시,300만원 미만,오프라인,N,N,N,N,N,N
350800,202302,M,20대,경상남도,무응답,오프라인,Y,N,N,N,N,N
361156,202302,M,20대,강원도,무응답,오프라인,N,N,N,N,N,N
366675,202302,M,20대,서울특별시,300만원 미만,오프라인,N,N,N,N,N,N
366774,202302,M,20대,울산광역시,무응답,오프라인,N,N,N,N,N,N
366871,202302,M,20대,대구광역시,300만원 미만,오프라인,N,N,N,N,N,N
368738,202302,M,20대,강원도,500이상700만원 미만,오프라인,N,N,N,N,N,N
380151,202302,M,20대,대구광역시,무응답,오프라인,N,N,N,N,N,N
380510,202302,M,20대,부산광역시,300이상500만원 미만,온라인,N,N,N,N,N,Y
380951,202302,M,20대,부산광역시,무응답,온라인,N,N,N,N,N,N
381520,202302,M,20대,대구광역시,300이상500만원 미만,온라인,Y,N,N,N,Y,N
392389,202302,M,20대,강원도,700만원 이상,온라인,N,N,N,N,N,N
393232,202302,F,40대,강원도,300만원 미만,온라인,N,N,N,N,N,N
393338,202302,M,20대,경상북도,무응답,온라인,N,N,N,N,N,N
401583,202302,M,20대,강원도,700만원 이상,온라인,N,N,N,N,N,N
402004,202302,M,20대,전라남도,300만원 미만,온라인,N,N,Y,N,N,N
407377,202302,M,20대,부산광역시,300이상500만원 미만,오프라인,N,N,N,N,N,N
409682,202302,M,20대,경상남도,300이상500만원 미만,오프라인,N,N,N,N,N,N
410086,202302,M,20대,부산광역시,700만원 이상,온라인,N,N,N,N,N,N
414268,202302,M,20대,경상남도,무응답,온라인,N,N,N,N,N,N
414333,202302,M,20대,부산광역시,무응답,오프라인,Y,N,Y,N,N,N
417951,202302,M,20대,강원도,500이상700만원 미만,온라인,Y,N,N,N,N,N
420572,202302,M,20대,제주특별자치도,700만원 이상,오프라인,Y,N,N,N,N,N
421122,202302,M,30대,부산광역시,700만원 이상,온라인,N,N,N,N,N,N
421518,202302,M,20대,부산광역시,700만원 이상,온라인,N,N,N,N,N,N
422345,202302,M,20대,강원도,700만원 이상,오프라인,Y,N,Y,N,N,Y
423601,202302,M,20대,경상북도,300만원 미만,오프라인,N,N,N,N,N,N
423897,202302,M,20대,강원도,700만원 이상,오프라인,N,N,N,N,N,N
424043,202302,M,20대,부산광역시,무응답,오프라인,N,N,N,N,N,N
424422,202302,M,20대,부산광역시,500이상700만원 미만,온라인,N,N,Y,N,N,N
424547,202302,M,20대,강원도,300만원 미만,온라인,N,N,N,N,N,N
425040,202302,M,20대,경기도,무응답,온라인,N,N,N,N,N,N
425297,202302,M,20대,부산광역시,300이상500만원 미만,오프라인,N,N,N,N,N,N
425367,202302,M,20대,경상북도,무응답,오프라인,N,Y,N,N,N,Y
425439,202302,M,20대,경기도,무응답,오프라인,N,N,N,N,N,N
425585,202302,M,20대,충청북도,300만원 미만,온라인,N,N,N,N,N,N
425937,202302,M,20대,경상남도,700만원 이상,오프라인,N,N,N,N,N,N
427787,202302,M,20대,광주광역시,무응답,오프라인,N,N,N,N,N,N
429242,202302,M,20대,부산광역시,무응답,온라인,Y,N,N,N,N,N
430119,202302,M,20대,대구광역시,300만원 미만,오프라인,N,N,N,N,N,N
430565,202302,M,20대,경기도,무응답,오프라인,N,N,N,N,N,N
432795,202302,M,20대,강원도,300이상500만원 미만,오프라인,N,N,N,N,N,N
433338,202302,M,20대,대구광역시,300만원 미만,오프라인,N,N,N,N,N,N
434348,202302,M,20대,부산광역시,300만원 미만,온라인,N,N,N,N,N,N
435651,202302,M,20대,울산광역시,700만원 이상,오프라인,N,N,N,N,N,N
437892,202302,M,20대,부산광역시,700만원 이상,오프라인,Y,N,N,N,N,N
438999,202302,M,20대,부산광역시,300만원 미만,온라인,N,N,N,N,N,N
441651,202302,M,20대,강원도,300만원 미만,오프라인,N,N,N,N,N,N
442434,202302,M,20대,강원도,무응답,온라인,N,N,N,N,N,N
443476,202302,M,20대,강원도,300만원 미만,온라인,N,N,N,N,N,N
443855,202302,M,20대,경상남도,무응답,온라인,N,N,N,N,N,N
444321,202302,M,20대,울산광역시,무응답,오프라인,N,N,N,N,N,N
444323,202302,M,20대,부산광역시,300이상500만원 미만,온라인,Y,N,Y,Y,N,N
444350,202302,M,20대,세종특별자치시,300이상500만원 미만,오프라인,N,N,N,N,N,N
444910,202302,M,20대,강원도,300이상500만원 미만,오프라인,N,N,N,N,N,N
448436,202302,M,20대,강원도,300만원 미만,오프라인,N,N,N,N,N,N
450261,202302,M,20대,경상북도,무응답,오프라인,N,Y,N,N,N,Y
451149,202302,M,20대,부산광역시,무응답,오프라인,Y,Y,Y,N,N,Y
452026,202302,M,20대,강원도,700만원 이상,오프라인,N,N,N,N,N,N
452087,202302,M,20대,강원도,300이상500만원 미만,오프라인,N,N,N,N,N,N
53322292,202302,F,50대,강원도,300만원 미만,온라인,Y,Y,N,N,N,N
53322393,202302,M,60대 이상,강원도,300만원 미만,온라인,N,N,N,N,N,N
53322502,202302,F,50대,강원도,무응답,온라인,N,N,N,N,N,N
53322657,202302,M,60대 이상,강원도,500이상700만원 미만,오프라인,Y,N,N,N,N,Y
53322717,202302,F,30대,강원도,500이상700만원 미만,온라인,N,N,N,N,N,N
53322733,202302,M,30대,강원도,300이상500만원 미만,온라인,N,N,N,N,N,N
53322755,202302,M,30대,강원도,300만원 미만,온라인,N,N,N,N,N,N
53322815,202302,M,40대,강원도,300이상500만원 미만,온라인,N,N,N,N,N,N
53322838,202302,F,40대,강원도,무응답,오프라인,N,N,N,N,N,N
53322843,202302,F,50대,강원도,300이상500만원 미만,오프라인,N,N,N,N,N,N
53322949,202302,M,50대,강원도,500이상700만원 미만,온라인,N,N,N,N,N,N
53322977,202302,F,60대 이상,강원도,300이상500만원 미만,오프라인,N,N,N,N,N,N
53323071,202302,M,50대,강원도,300이상500만원 미만,오프라인,N,N,N,N,N,N
53323101,202302,F,40대,강원도,700만원 이상,온라인,N,N,N,N,N,N
53323197,202302,F,50대,강원도,700만원 이상,오프라인,N,N,N,N,N,N
53323293,202302,F,60대 이상,강원도,700만원 이상,온라인,N,N,N,N,N,N
53323309,202302,M,30대,강원도,300이상500만원 미만,오프라인,N,N,N,N,N,N
53323383,202302,M,30대,강원도,700만원 이상,온라인,N,N,N,N,N,N
53323494,202302,F,30대,강원도,700만원 이상,온라인,N,N,N,N,N,N
53323496,202302,M,20대,강원도,300만원 미만,오프라인,N,N,N,N,N,N
53323556,202302,M,40대,강원도,700만원 이상,온라인,N,N,N,N,N,N
53323560,202302,F,30대,강원도,300만원 미만,오프라인,N,N,N,N,N,N
53323610,202302,F,20대,강원도,500이상700만원 미만,오프라인,N,N,N,N,N,N
53323636,202302,F,40대,강원도,300이상500만원 미만,온라인,N,N,N,N,N,N
53323734,202302,M,50대,강원도,700만원 이상,온라인,N,N,N,N,N,N
53323768,202302,F,20대,강원도,무응답,온라인,N,N,N,N,N,N
53323771,202302,M,40대,강원도,700만원 이상,온라인,N,N,N,N,N,N
53323797,202302,M,50대,강원도,700만원 이상,오프라인,N,N,N,N,N,N
53323840,202302,F,30대,강원도,300이상500만원 미만,오프라인,N,N,N,N,N,N
53324100,202302,M,40대,강원도,700만원 이상,온라인,N,N,N,N,N,N
53324139,202302,F,50대,강원도,무응답,오프라인,N,N,N,N,N,N
53324200,202302,F,30대,부산광역시,700만원 이상,오프라인,N,N,N,N,N,N
53324231,202302,F,60대 이상,강원도,300만원 미만,온라인,N,N,N,N,N,N
53324361,202302,M,50대,강원도,무응답,오프라인,N,N,N,N,N,N
53324388,202302,F,30대,강원도,500이상700만원 미만,온라인,Y,N,N,N,N,N
53324398,202302,F,30대,부산광역시,300만원 미만,온라인,N,N,N,N,N,N
53324428,202302,F,20대,강원도,300만원 미만,온라인,Y,Y,N,N,N,N
53324504,202302,F,30대,강원도,700만원 이상,오프라인,N,N,N,N,N,N
53324670,202302,F,50대,강원도,500이상700만원 미만,온라인,N,N,N,Y,N,N
53324674,202302,M,40대,강원도,무응답,온라인,N,N,N,N,N,N
53324679,202302,F,30대,강원도,300이상500만원 미만,온라인,N,Y,N,Y,Y,N
53324680,202302,F,60대 이상,강원도,500이상700만원 미만,오프라인,N,N,N,N,N,N
53324699,202302,M,50대,강원도,700만원 이상,온라인,N,N,N,N,N,N
53324759,202302,M,40대,강원도,700만원 이상,오프라인,N,N,N,N,N,N
53324793,202302,F,20대,강원도,300만원 미만,온라인,N,N,N,N,N,N
53324802,202302,M,40대,강원도,300만원 미만,오프라인,N,N,N,N,N,N
53324858,202302,F,60대 이상,강원도,300만원 미만,온라인,N,N,N,N,N,N
53324898,202302,F,30대,강원도,700만원 이상,온라인,Y,N,Y,N,N,N
53324998,202302,F,60대 이상,강원도,500이상700만원 미만,온라인,N,N,N,N,N,N
53325071,202302,M,50대,강원도,700만원 이상,오프라인,N,N,N,N,N,N
53325124,202302,F,60대 이상,강원도,700만원 이상,온라인,N,N,N,N,N,N
53325145,202302,F,30대,강원도,500이상700만원 미만,오프라인,N,N,N,N,N,N
53325154,202302,M,60대 이상,강원도,300만원 미만,온라인,N,N,N,N,N,N
53325178,202302,M,20대,강원도,300만원 미만,온라인,N,N,N,N,N,N
53325216,202302,M,40대,강원도,300만원 미만,오프라인,N,N,N,N,N,N
53325222,202302,F,50대,강원도,300이상500만원 미만,오프라인,N,N,N,N,N,N
53325514,202302,F,20대,세종특별자치시,무응답,오프라인,N,N,N,N,N,N
53325525,202302,F,60대 이상,강원도,500이상700만원 미만,온라인,N,N,N,N,N,N
53325528,202302,M,40대,광주광역시,500이상700만원 미만,오프라인,N,N,N,N,N,N
53325591,202302,M,20대,울산광역시,무응답,온라인,N,N,N,N,N,N
53325661,202302,M,40대,부산광역시,무응답,온라인,N,N,N,N,N,N
53325694,202302,M,50대,부산광역시,300이상500만원 미만,온라인,N,N,N,N,N,N
53325807,202302,M,50대,광주광역시,무응답,온라인,Y,N,N,N,N,N
53325823,202302,F,50대,경상북도,500이상700만원 미만,오프라인,N,N,N,N,N,N
53325988,202302,M,60대 이상,충청남도,300만원 미만,오프라인,N,N,N,N,N,N
53325998,202302,F,40대,부산광역시,무응답,온라인,Y,N,N,N,N,N
53326001,202302,F,40대,세종특별자치시,무응답,오프라인,N,N,N,N,N,N
53326045,202302,M,60대 이상,경상남도,300이상500만원 미만,오프라인,Y,Y,N,N,N,N
53326120,202302,M,50대,세종특별자치시,무응답,온라인,Y,N,N,N,N,N
53326208,202302,F,30대,울산광역시,무응답,온라인,N,N,N,N,N,N
53326224,202302,F,40대,경기도,300이상500만원 미만,온라인,Y,N,N,N,N,N
53326232,202302,M,30대,대전광역시,500이상700만원 미만,온라인,N,N,N,N,N,N
53326301,202302,M,40대,울산광역시,500이상700만원 미만,온라인,Y,N,N,Y,N,N
53326317,202302,M,30대,강원도,500이상700만원 미만,온라인,N,N,N,N,N,N
53326361,202302,F,50대,충청남도,500이상700만원 미만,온라인,N,N,N,N,N,N
53326387,202302,F,30대,대구광역시,300만원 미만,온라인,N,N,N,N,N,N
53326455,202302,F,30대,경상북도,무응답,오프라인,N,N,N,N,N,N
53326478,202302,F,40대,울산광역시,무응답,온라인,N,N,N,N,N,N
53326503,202302,F,30대,부산광역시,300이상500만원 미만,온라인,N,N,N,N,N,N
53326512,202302,F,50대,부산광역시,무응답,오프라인,N,N,N,N,N,N
53326575,202302,F,40대,강원도,500이상700만원 미만,오프라인,N,N,N,N,N,N
53326595,202302,M,60대 이상,부산광역시,무응답,온라인,N,N,N,N,N,N
53326645,202302,F,20대,부산광역시,700만원 이상,온라인,N,N,N,N,N,N
53326680,202302,F,50대,경상남도,300이상500만원 미만,오프라인,N,N,N,N,N,N
53326711,202302,F,50대,충청북도,300이상500만원 미만,오프라인,N,N,N,N,N,N
53326745,202302,F,40대,대구광역시,500이상700만원 미만,오프라인,N,N,N,N,N,N
53326760,202302,F,40대,인천광역시,700만원 이상,온라인,N,N,N,N,N,N
53326952,202302,M,40대,강원도,300만원 미만,오프라인,N,N,N,N,N,N
53327034,202302,F,20대,부산광역시,무응답,온라인,N,N,N,N,N,N
53327181,202302,F,40대,부산광역시,700만원 이상,오프라인,N,N,N,N,N,N
53327202,202302,M,40대,부산광역시,500이상700만원 미만,온라인,N,N,N,Y,N,N
53327286,202302,F,50대,부산광역시,300이상500만원 미만,오프라인,N,N,N,N,N,N
53327319,202302,F,40대,부산광역시,무응답,온라인,N,N,N,N,N,N
53327365,202302,M,60대 이상,부산광역시,300이상500만원 미만,온라인,N,N,N,N,N,N
53327460,202302,F,20대,부산광역시,무응답,온라인,Y,Y,N,N,N,N
53327467,202302,M,30대,경상북도,500이상700만원 미만,온라인,N,N,N,N,N,N
53327468,202302,M,60대 이상,부산광역시,500이상700만원 미만,오프라인,N,N,N,N,N,N
53327544,202302,F,30대,인천광역시,500이상700만원 미만,오프라인,N,N,N,N,N,N
53327587,202302,F,50대,강원도,500이상700만원 미만,오프라인,N,N,N,N,N,N
53327630,202302,M,50대,대구광역시,700만원 이상,오프라인,N,N,N,N,N,N
53327640,202302,M,30대,울산광역시,300만원 미만,온라인,N,N,N,N,Y,N
53327669,202302,F,50대,광주광역시,300만원 미만,오프라인,N,N,N,N,N,N
53327714,202302,M,50대,강원도,500이상700만원 미만,온라인,N,Y,N,N,N,N
53327731,202302,F,40대,경기도,300만원 미만,온라인,Y,N,N,N,N,N
53327772,202302,M,60대 이상,강원도,700만원 이상,온라인,N,N,N,N,N,N
53327808,202302,M,50대,대전광역시,700만원 이상,온라인,Y,Y,N,N,N,N
53327815,202302,F,30대,경상남도,무응답,오프라인,N,N,N,N,N,N
53327877,202302,M,40대,부산광역시,300만원 미만,오프라인,N,N,N,N,N,N
53327904,202302,F,30대,세종특별자치시,300이상500만원 미만,온라인,N,N,N,N,N,N
53327927,202302,M,50대,울산광역시,700만원 이상,온라인,N,N,N,N,N,N
53327965,202302,F,30대,세종특별자치시,500이상700만원 미만,온라인,N,N,N,N,N,N
53328031,202302,M,20대,광주광역시,500이상700만원 미만,오프라인,N,N,N,N,N,N
53328060,202302,M,50대,인천광역시,700만원 이상,온라인,N,N,N,N,N,N
53328084,202302,F,40대,강원도,300만원 미만,오프라인,N,N,N,N,N,N
53328121,202302,M,40대,강원도,300이상500만원 미만,온라인,N,N,N,Y,Y,N
53328159,202302,M,60대 이상,부산광역시,700만원 이상,온라인,N,N,N,N,N,N
53328196,202302,F,60대 이상,부산광역시,700만원 이상,오프라인,N,N,N,N,N,N
53328259,202302,F,30대,부산광역시,300이상500만원 미만,오프라인,N,N,N,N,N,N
53328319,202302,F,50대,부산광역시,300이상500만원 미만,온라인,N,N,N,N,N,N
53328341,202302,M,40대,부산광역시,700만원 이상,온라인,N,N,N,N,N,N
53328412,202302,M,60대 이상,강원도,300이상500만원 미만,온라인,N,N,N,N,N,N
53328483,202302,F,60대 이상,대전광역시,300만원 미만,오프라인,N,N,N,N,N,N
53328502,202302,F,40대,부산광역시,무응답,온라인,Y,N,N,N,N,N
53328606,202302,F,30대,강원도,무응답,온라인,Y,N,N,N,N,N
53328658,202302,F,40대,부산광역시,700만원 이상,온라인,N,N,N,N,N,N
53328672,202302,F,40대,부산광역시,300이상500만원 미만,온라인,N,Y,N,N,N,N
53328756,202302,F,20대,서울특별시,무응답,오프라인,N,N,N,N,N,N
53328953,202302,F,30대,강원도,300만원 미만,오프라인,N,N,N,N,N,N
53329050,202302,M,20대,부산광역시,500이상700만원 미만,온라인,N,N,N,N,N,N
53329064,202302,F,20대,강원도,500이상700만원 미만,온라인,N,Y,Y,N,Y,Y
53329251,202302,F,20대,세종특별자치시,300이상500만원 미만,오프라인,N,N,N,N,N,N
53329256,202302,M,40대,부산광역시,300만원 미만,온라인,N,N,N,N,N,N
53329368,202302,F,40대,경기도,300이상500만원 미만,오프라인,N,N,N,N,N,N
53329376,202302,M,30대,대구광역시,300이상500만원 미만,오프라인,N,N,Y,N,N,N
53329404,202302,F,30대,전라남도,300이상500만원 미만,온라인,N,N,N,N,N,N
53329451,202302,M,30대,충청북도,무응답,온라인,N,N,N,N,N,N
53329477,202302,F,50대,광주광역시,300만원 미만,오프라인,N,N,N,N,N,N
53329597,202302,F,20대,충청남도,300이상500만원 미만,오프라인,N,N,N,N,N,N
53329624,202302,F,60대 이상,세종특별자치시,700만원 이상,오프라인,N,N,N,N,N,N
53329669,202302,F,30대,세종특별자치시,300이상500만원 미만,온라인,Y,N,N,N,Y,N
53329814,202302,F,40대,강원도,500이상700만원 미만,온라인,N,N,N,N,N,N
53329908,202302,F,60대 이상,부산광역시,700만원 이상,온라인,N,N,N,N,N,N
53329988,202302,M,30대,부산광역시,300만원 미만,온라인,N,N,N,N,N,N
53329991,202302,F,60대 이상,부산광역시,500이상700만원 미만,온라인,N,N,N,N,N,N
53330014,202302,F,30대,부산광역시,700만원 이상,온라인,Y,Y,N,N,Y,Y
53330023,202302,F,20대,부산광역시,300만원 미만,오프라인,N,N,N,N,N,N
53330124,202302,M,60대 이상,강원도,무응답,오프라인,N,N,N,N,N,N
53330150,202302,M,60대 이상,경기도,300이상500만원 미만,오프라인,N,N,N,N,N,N
53330175,202302,F,30대,세종특별자치시,300만원 미만,오프라인,N,N,N,N,N,N
53330209,202302,F,50대,부산광역시,300이상500만원 미만,오프라인,N,N,N,N,N,N
53330322,202302,M,40대,경기도,700만원 이상,오프라인,N,N,N,N,N,N
53330333,202302,M,60대 이상,충청북도,700만원 이상,온라인,N,N,N,N,N,N
53330599,202302,F,30대,강원도,300이상500만원 미만,온라인,N,N,N,N,N,N
53330631,202302,F,60대 이상,충청남도,300만원 미만,오프라인,N,N,N,N,N,N
53330694,202302,F,40대,강원도,300만원 미만,오프라인,Y,N,N,N,N,N
53330816,202302,F,50대,강원도,무응답,오프라인,N,N,N,N,N,N
53330827,202302,F,30대,부산광역시,300이상500만원 미만,오프라인,N,N,N,N,N,N
53330851,202302,M,60대 이상,경상남도,300이상500만원 미만,오프라인,N,N,N,N,N,N
53331018,202302,F,40대,경기도,700만원 이상,오프라인,N,N,N,N,N,N
53331106,202302,M,50대,울산광역시,700만원 이상,온라인,N,N,N,N,N,N
53331119,202302,M,50대,경상북도,700만원 이상,오프라인,N,N,N,N,N,N
53331349,202302,F,20대,부산광역시,500이상700만원 미만,오프라인,N,N,N,N,N,N
53331368,202302,F,40대,대전광역시,300이상500만원 미만,오프라인,Y,N,N,N,N,N
53331433,202302,M,60대 이상,경상남도,300이상500만원 미만,오프라인,N,N,N,N,N,N
53331502,202302,F,60대 이상,경상북도,300이상500만원 미만,온라인,N,N,N,N,N,N
53331545,202302,F,20대,강원도,300만원 미만,오프라인,N,N,N,N,N,N
53331553,202302,M,60대 이상,부산광역시,무응답,온라인,N,N,N,N,N,N
53331566,202302,M,30대,경기도,700만원 이상,오프라인,Y,N,N,N,N,N
53331644,202302,M,50대,경기도,300만원 미만,오프라인,N,N,N,N,N,N
53331654,202302,F,50대,부산광역시,무응답,온라인,Y,N,N,N,N,N
53331704,202302,F,60대 이상,제주특별자치도,700만원 이상,오프라인,Y,N,N,N,N,N
53331764,202302,M,50대,부산광역시,700만원 이상,온라인,Y,N,N,N,N,N
53331799,202302,F,40대,경상북도,무응답,오프라인,N,N,N,N,N,N
53331866,202302,F,60대 이상,경기도,300이상500만원 미만,온라인,Y,Y,N,N,N,N
53331949,202302,M,30대,울산광역시,300이상500만원 미만,온라인,N,N,N,N,N,N
53331951,202302,M,50대,경상북도,500이상700만원 미만,온라인,N,N,N,N,N,N
53331986,202302,F,40대,전라남도,300이상500만원 미만,오프라인,N,N,N,N,N,N
53332058,202302,M,30대,울산광역시,무응답,오프라인,N,N,N,N,N,N
53332080,202302,M,40대,부산광역시,300이상500만원 미만,온라인,N,N,N,N,N,N
53332081,202302,M,30대,강원도,300만원 미만,오프라인,N,N,N,N,N,N
53332114,202302,M,60대 이상,강원도,700만원 이상,온라인,N,N,N,N,N,N
53332186,202302,M,60대 이상,부산광역시,300만원 미만,오프라인,N,N,N,N,N,N
53332305,202302,F,20대,제주특별자치도,무응답,오프라인,N,N,N,N,N,N
53332574,202302,F,30대,경기도,700만원 이상,오프라인,N,N,N,N,N,N
53332633,202302,F,30대,울산광역시,무응답,오프라인,N,Y,N,N,N,N
53332641,202302,M,40대,경기도,300만원 미만,오프라인,N,N,N,N,N,N
53332720,202302,F,50대,부산광역시,500이상700만원 미만,오프라인,N,N,N,N,N,N
53332765,202302,F,60대 이상,충청남도,300만원 미만,오프라인,N,N,N,N,N,N
53332838,202302,M,50대,부산광역시,300만원 미만,오프라인,N,N,N,N,N,N
53332840,202302,M,40대,부산광역시,500이상700만원 미만,온라인,N,N,N,N,N,N
53333164,202302,M,20대,광주광역시,무응답,오프라인,N,N,N,N,N,N
53333245,202302,F,50대,경기도,300이상500만원 미만,오프라인,N,N,N,N,N,N
53333288,202302,F,40대,울산광역시,500이상700만원 미만,온라인,Y,Y,N,Y,N,N
53333323,202302,F,30대,강원도,300이상500만원 미만,오프라인,N,N,N,N,N,N
53333470,202302,M,50대,경상남도,500이상700만원 미만,오프라인,N,N,N,N,N,N
53333497,202302,M,50대,강원도,무응답,온라인,N,N,N,N,N,N
53333534,202302,F,40대,경상남도,500이상700만원 미만,온라인,N,N,N,N,N,N
53333555,202302,F,50대,강원도,300만원 미만,온라인,N,N,N,N,N,N
53333742,202302,F,50대,경기도,500이상700만원 미만,온라인,Y,N,N,N,N,N
53333970,202302,F,30대,경기도,무응답,오프라인,N,N,N,N,N,N
53333982,202302,F,40대,전라남도,300이상500만원 미만,오프라인,N,N,N,N,N,N
53334093,202302,M,40대,부산광역시,700만원 이상,온라인,N,N,N,N,N,N
53334221,202302,M,60대 이상,부산광역시,300이상500만원 미만,온라인,N,N,N,N,N,N
53334237,202302,F,40대,제주특별자치도,500이상700만원 미만,온라인,N,N,N,N,N,N
53334297,202302,M,50대,강원도,300만원 미만,오프라인,N,N,N,N,N,N
53334338,202302,F,20대,전라남도,300이상500만원 미만,오프라인,N,N,N,N,N,N
53334361,202302,M,50대,경상북도,300만원 미만,온라인,N,N,N,N,N,N
53334429,202302,F,20대,강원도,무응답,오프라인,N,N,N,N,N,N
53334459,202302,M,40대,강원도,300만원 미만,온라인,N,N,N,N,N,N
53334466,202302,F,40대,경기도,300이상500만원 미만,오프라인,N,N,N,N,N,N
53334828,202302,M,30대,강원도,무응답,온라인,N,N,N,N,N,N
53334843,202302,F,20대,울산광역시,300만원 미만,온라인,N,N,N,Y,N,N
53334871,202302,F,50대,강원도,700만원 이상,오프라인,N,N,N,N,N,N
53334898,202302,F,40대,부산광역시,700만원 이상,오프라인,N,N,N,N,N,N
53334903,202302,M,40대,경상남도,300이상500만원 미만,오프라인,N,N,N,N,N,N
53334938,202302,M,40대,부산광역시,700만원 이상,온라인,N,N,N,N,N,N
53334992,202302,F,30대,부산광역시,300이상500만원 미만,오프라인,N,N,N,N,N,N
53335036,202302,M,40대,대전광역시,300이상500만원 미만,온라인,N,N,N,N,N,N
53335118,202302,F,20대,울산광역시,700만원 이상,온라인,N,N,N,N,N,N
53335150,202302,M,50대,경상남도,500이상700만원 미만,오프라인,N,N,N,N,N,N
53335270,202302,F,50대,충청남도,300만원 미만,온라인,N,N,N,N,N,N
53335309,202302,M,40대,강원도,500이상700만원 미만,오프라인,N,N,N,N,N,N
53335436,202302,F,60대 이상,강원도,300이상500만원 미만,오프라인,N,Y,N,N,N,N
53335502,202302,M,20대,부산광역시,300이상500만원 미만,오프라인,Y,N,N,N,N,N
53335584,202302,F,20대,부산광역시,무응답,오프라인,N,N,N,N,N,N
53335723,202302,M,50대,충청남도,300만원 미만,온라인,N,N,N,N,N,N
53335792,202302,M,30대,대구광역시,300만원 미만,온라인,N,N,N,N,N,N
53335851,202302,F,20대,경상북도,무응답,오프라인,N,N,N,N,N,N
53335867,202302,F,30대,경기도,무응답,오프라인,N,N,N,N,N,N
53335887,202302,F,30대,강원도,500이상700만원 미만,오프라인,N,N,N,N,N,N
53335931,202302,F,20대,경상북도,500이상700만원 미만,오프라인,N,N,N,N,N,N
53335943,202302,M,50대,경기도,700만원 이상,온라인,N,N,N,N,N,N
53335954,202302,M,30대,강원도,300만원 미만,오프라인,N,N,N,N,N,N
53335964,202302,M,40대,부산광역시,500이상700만원 미만,오프라인,N,N,N,N,N,N
53335986,202302,M,50대,강원도,700만원 이상,오프라인,N,N,N,N,N,N
53335999,202302,M,50대,부산광역시,500이상700만원 미만,온라인,N,N,N,N,N,N
53336057,202302,F,30대,부산광역시,500이상700만원 미만,온라인,N,N,N,N,N,N
53336119,202302,F,30대,부산광역시,500이상700만원 미만,오프라인,N,N,N,N,N,N
53336293,202302,F,20대,경상남도,300만원 미만,온라인,N,N,N,N,N,N
53336344,202302,M,40대,서울특별시,300만원 미만,오프라인,N,N,N,N,N,N
53336351,202302,F,40대,울산광역시,300이상500만원 미만,온라인,N,N,N,N,N,N
53336440,202302,F,40대,강원도,300이상500만원 미만,온라인,N,N,N,N,N,N
53336460,202302,F,40대,광주광역시,300만원 미만,온라인,Y,N,N,N,N,Y
53336481,202302,F,40대,부산광역시,500이상700만원 미만,오프라인,N,N,N,N,N,N
53336497,202302,F,60대 이상,부산광역시,300만원 미만,오프라인,N,N,N,N,N,N
53336603,202302,F,20대,경상남도,무응답,오프라인,N,N,N,N,N,N
53336629,202302,F,60대 이상,부산광역시,300이상500만원 미만,온라인,N,N,N,N,N,N
53336647,202302,F,50대,대전광역시,300만원 미만,온라인,Y,N,N,Y,N,N
53336669,202302,M,40대,인천광역시,300이상500만원 미만,온라인,N,N,N,N,N,N
53336743,202302,F,40대,강원도,700만원 이상,오프라인,N,N,N,N,N,N
53336856,202302,F,60대 이상,부산광역시,300만원 미만,온라인,N,N,N,N,N,N
53336873,202302,F,60대 이상,경기도,300만원 미만,오프라인,N,N,N,N,N,N
53336894,202302,F,50대,강원도,500이상700만원 미만,오프라인,N,N,N,N,N,N
53336984,202302,F,40대,강원도,300이상500만원 미만,온라인,Y,N,N,N,Y,N
53337072,202302,M,50대,충청남도,300만원 미만,오프라인,N,N,N,N,N,N
53337116,202302,M,40대,충청남도,300만원 미만,온라인,N,N,N,N,N,N
53337128,202302,F,40대,강원도,700만원 이상,오프라인,N,N,N,N,N,N
53337190,202302,M,60대 이상,경상북도,300만원 미만,온라인,Y,N,N,N,N,N
53337207,202302,F,30대,강원도,무응답,오프라인,N,N,N,N,N,N
53337236,202302,F,20대,경상북도,무응답,온라인,N,N,N,N,N,N
53337391,202302,M,50대,강원도,500이상700만원 미만,온라인,N,N,N,N,N,N
53337423,202302,F,20대,경기도,300만원 미만,온라인,N,N,N,N,N,N
53337501,202302,F,50대,세종특별자치시,500이상700만원 미만,오프라인,N,N,N,N,N,N
53337645,202302,M,60대 이상,강원도,무응답,오프라인,N,N,N,N,N,N
53337710,202302,M,40대,경기도,300만원 미만,오프라인,N,N,N,N,N,N
53337750,202302,F,60대 이상,경상북도,무응답,온라인,N,N,N,N,N,N
53337804,202302,F,60대 이상,제주특별자치도,무응답,온라인,N,N,N,N,N,N
53337889,202302,F,60대 이상,제주특별자치도,300이상500만원 미만,오프라인,N,N,N,N,N,N
53337932,202302,F,60대 이상,경기도,무응답,오프라인,N,N,N,N,N,N
53338204,202302,M,50대,강원도,700만원 이상,온라인,N,N,N,N,N,N
53338239,202302,F,50대,강원도,무응답,온라인,N,N,N,N,N,N
53338283,202302,M,40대,부산광역시,300만원 미만,오프라인,N,N,N,N,N,N
53338347,202302,M,30대,대구광역시,300만원 미만,오프라인,N,N,N,N,N,N
53338443,202302,M,30대,부산광역시,무응답,온라인,N,N,N,N,N,N
53338496,202302,M,50대,경상남도,300이상500만원 미만,오프라인,N,N,N,N,N,N
53338636,202302,F,50대,대구광역시,700만원 이상,오프라인,N,N,N,N,N,N
53338647,202302,M,50대,경기도,300만원 미만,오프라인,N,N,N,N,N,N
53338662,202302,M,40대,경상북도,300만원 미만,온라인,N,N,N,N,N,N
53338663,202302,M,40대,서울특별시,300만원 미만,오프라인,N,N,N,N,N,N
53338682,202302,M,60대 이상,인천광역시,무응답,온라인,N,N,N,N,N,N
53338796,202302,F,20대,강원도,300만원 미만,온라인,N,N,N,N,N,N
53338843,202302,M,50대,경상북도,700만원 이상,온라인,N,N,N,N,N,N
53338870,202302,M,30대,전라남도,300만원 미만,오프라인,N,N,N,N,N,N
53338900,202302,M,60대 이상,대구광역시,700만원 이상,오프라인,N,N,N,N,N,N
53338904,202302,F,60대 이상,부산광역시,700만원 이상,오프라인,N,N,N,N,N,N
53338913,202302,M,50대,광주광역시,700만원 이상,온라인,N,N,N,N,N,N
53338924,202302,F,40대,강원도,700만원 이상,온라인,N,N,N,N,N,N
53338941,202302,M,50대,부산광역시,300만원 미만,오프라인,N,N,N,N,N,N
53338981,202302,F,50대,강원도,700만원 이상,오프라인,Y,Y,N,N,N,N
53339069,202302,F,50대,부산광역시,500이상700만원 미만,온라인,N,N,N,N,N,N
53339108,202302,M,40대,부산광역시,300만원 미만,오프라인,N,N,N,N,N,N
53339126,202302,F,20대,강원도,700만원 이상,오프라인,N,N,N,N,N,N
53339172,202302,F,30대,대전광역시,700만원 이상,온라인,N,N,N,N,N,N
53339179,202302,M,30대,강원도,무응답,온라인,N,N,N,N,N,N
53339223,202302,F,40대,경기도,500이상700만원 미만,온라인,Y,N,N,N,N,N
53339224,202302,F,50대,부산광역시,700만원 이상,온라인,N,N,N,N,N,N
53339291,202302,M,40대,부산광역시,300이상500만원 미만,오프라인,N,N,N,N,N,N
53339297,202302,M,50대,울산광역시,700만원 이상,온라인,N,N,N,N,N,N
53339351,202302,F,40대,대전광역시,700만원 이상,온라인,N,N,N,N,N,N
53339358,202302,F,40대,세종특별자치시,500이상700만원 미만,오프라인,N,N,N,N,N,N
53339365,202302,M,50대,강원도,700만원 이상,오프라인,N,N,N,N,N,N
53339489,202302,M,40대,부산광역시,500이상700만원 미만,온라인,N,N,N,N,N,N
53339540,202302,M,50대,부산광역시,700만원 이상,오프라인,N,N,N,N,N,N
53339550,202302,F,50대,강원도,500이상700만원 미만,온라인,N,N,N,N,N,N
53339590,202302,F,40대,충청북도,500이상700만원 미만,온라인,Y,Y,N,N,N,N
53339615,202302,M,50대,경기도,700만원 이상,오프라인,N,N,N,N,N,N
53339653,202302,M,40대,세종특별자치시,500이상700만원 미만,온라인,N,N,N,N,N,N
53339685,202302,M,50대,부산광역시,700만원 이상,오프라인,N,N,N,N,N,N
53339700,202302,F,60대 이상,전라남도,300만원 미만,오프라인,N,N,Y,N,N,N
53339753,202302,F,30대,부산광역시,700만원 이상,오프라인,N,N,N,N,N,N
53339857,202302,F,30대,울산광역시,무응답,온라인,N,N,N,N,N,N
53339871,202302,F,50대,세종특별자치시,500이상700만원 미만,오프라인,N,N,N,N,N,N
53339890,202302,M,40대,경상남도,300만원 미만,오프라인,N,N,N,N,N,N
53340072,202302,M,30대,부산광역시,300이상500만원 미만,오프라인,N,N,N,N,N,N
53340266,202302,F,40대,부산광역시,700만원 이상,오프라인,N,N,N,N,N,N
53340294,202302,M,40대,경기도,300만원 미만,오프라인,N,N,N,N,N,N
53340508,202302,M,30대,제주특별자치도,300만원 미만,온라인,N,N,N,N,N,N
53340556,202302,F,50대,부산광역시,700만원 이상,온라인,N,N,N,Y,N,N
53340571,202302,M,40대,부산광역시,700만원 이상,온라인,N,N,N,N,N,N
53340645,202302,M,40대,부산광역시,700만원 이상,온라인,N,N,N,N,N,N
53340650,202302,F,40대,제주특별자치도,300만원 미만,오프라인,N,N,N,N,N,N
53340654,202302,M,20대,제주특별자치도,무응답,온라인,Y,N,N,N,N,N
53340783,202302,M,40대,전라남도,300이상500만원 미만,온라인,N,N,N,N,N,N
53340893,202302,F,40대,경기도,500이상700만원 미만,온라인,Y,N,N,N,N,Y
53340904,202302,F,40대,강원도,700만원 이상,오프라인,N,N,N,N,N,N
53340926,202302,M,30대,충청남도,무응답,온라인,N,N,N,N,N,N
53341070,202302,M,60대 이상,강원도,300이상500만원 미만,온라인,N,N,N,N,N,N
53341403,202302,F,40대,부산광역시,300이상500만원 미만,오프라인,N,N,N,N,N,N
53341407,202302,F,40대,경기도,700만원 이상,오프라인,N,N,N,N,N,N
53341426,202302,F,50대,경상남도,700만원 이상,온라인,N,N,N,N,N,N
53341439,202302,M,30대,전라북도,300이상500만원 미만,오프라인,N,N,N,N,N,N
53341515,202302,M,30대,부산광역시,700만원 이상,오프라인,N,N,N,N,N,N
53341579,202302,F,20대,강원도,500이상700만원 미만,온라인,Y,N,N,N,Y,N
53341590,202302,F,40대,부산광역시,700만원 이상,온라인,N,N,N,N,N,N
53341702,202302,F,40대,제주특별자치도,300만원 미만,온라인,N,N,N,N,N,N
53341723,202302,F,20대,강원도,300만원 미만,오프라인,N,N,N,N,N,N
53341724,202302,F,40대,강원도,무응답,오프라인,N,N,N,N,N,N
53341749,202302,M,30대,강원도,300이상500만원 미만,오프라인,N,N,N,N,N,N
53341876,202302,M,20대,경기도,300만원 미만,온라인,N,N,N,N,N,N
53341879,202302,M,60대 이상,경기도,300만원 미만,오프라인,N,N,N,N,N,N
53341890,202302,M,40대,경기도,300이상500만원 미만,온라인,N,N,N,N,N,N
53341962,202302,M,60대 이상,세종특별자치시,300만원 미만,온라인,N,N,N,N,N,N
53342041,202302,M,60대 이상,울산광역시,300만원 미만,오프라인,N,N,N,N,N,N
53342189,202302,M,50대,강원도,700만원 이상,오프라인,N,N,N,N,N,N
53342207,202302,M,40대,충청북도,500이상700만원 미만,오프라인,N,N,N,N,N,N
53342246,202302,F,20대,경기도,무응답,오프라인,N,N,N,N,N,N
53342351,202302,F,50대,부산광역시,300이상500만원 미만,오프라인,N,N,N,N,N,N
53342370,202302,F,20대,서울특별시,무응답,온라인,N,N,N,N,N,N
53342387,202302,F,30대,강원도,300만원 미만,온라인,Y,N,N,Y,Y,N
53342391,202302,F,20대,울산광역시,300이상500만원 미만,오프라인,N,N,N,N,N,N
53342404,202302,F,50대,세종특별자치시,700만원 이상,오프라인,N,N,N,N,N,N
53342451,202302,F,40대,세종특별자치시,500이상700만원 미만,오프라인,N,N,N,N,N,N
53342476,202302,M,30대,부산광역시,300만원 미만,온라인,N,N,N,N,N,N
53342481,202302,M,60대 이상,충청남도,300이상500만원 미만,오프라인,N,N,N,N,N,N
53342494,202302,M,30대,강원도,300만원 미만,온라인,N,N,N,N,N,N
53342652,202302,F,20대,강원도,무응답,온라인,N,N,N,N,N,N
53342661,202302,F,40대,경상북도,300만원 미만,온라인,N,N,N,N,N,N
53342672,202302,F,20대,강원도,300만원 미만,오프라인,N,N,Y,N,N,N
53342682,202302,M,30대,강원도,300만원 미만,온라인,N,N,N,N,N,N
53342756,202302,F,30대,경기도,300만원 미만,온라인,N,N,N,N,N,N
53342783,202302,F,40대,경상북도,무응답,온라인,N,N,N,N,N,N
53342795,202302,M,60대 이상,강원도,무응답,온라인,N,N,N,N,N,N
53342804,202302,F,40대,세종특별자치시,무응답,온라인,N,N,N,N,N,N
53342993,202302,M,30대,제주특별자치도,300만원 미만,온라인,Y,N,N,N,N,N
53343021,202302,F,60대 이상,부산광역시,300만원 미만,오프라인,N,N,N,N,N,N
53343097,202302,F,30대,강원도,300이상500만원 미만,오프라인,N,N,N,N,N,N
53343131,202302,M,50대,대전광역시,300만원 미만,오프라인,N,N,N,N,N,N
53343207,202302,M,30대,경상북도,무응답,오프라인,N,N,N,N,N,N
53343258,202302,M,50대,강원도,300만원 미만,오프라인,N,N,N,N,N,N
53343305,202302,F,40대,부산광역시,300이상500만원 미만,오프라인,N,N,N,N,N,N
53343337,202302,F,50대,부산광역시,700만원 이상,온라인,N,N,N,N,N,N
53343383,202302,F,30대,강원도,300만원 미만,온라인,N,N,Y,Y,Y,Y
53343413,202302,F,50대,부산광역시,300이상500만원 미만,오프라인,N,N,N,N,N,N
53343500,202302,M,40대,경기도,300이상500만원 미만,오프라인,N,N,N,N,N,N
53343691,202302,F,30대,경상북도,500이상700만원 미만,온라인,N,N,Y,N,N,N
53343842,202302,F,40대,강원도,500이상700만원 미만,오프라인,N,N,N,N,N,N
53343847,202302,F,40대,전라북도,500이상700만원 미만,온라인,N,N,N,N,N,N
53343888,202302,F,60대 이상,부산광역시,500이상700만원 미만,오프라인,N,N,N,N,N,N
53343930,202302,F,20대,대구광역시,무응답,오프라인,N,N,N,N,N,N
53343955,202302,F,30대,강원도,300이상500만원 미만,오프라인,N,N,N,N,N,N
53343963,202302,F,50대,대전광역시,500이상700만원 미만,오프라인,N,N,N,N,N,N
53344072,202302,F,20대,부산광역시,무응답,온라인,N,N,N,N,N,Y
53344145,202302,M,30대,경상북도,500이상700만원 미만,오프라인,N,N,N,N,N,N
53344159,202302,M,50대,전라북도,300만원 미만,온라인,N,N,N,N,N,N
53344188,202302,M,40대,충청남도,300만원 미만,오프라인,N,N,N,N,N,N
53344208,202302,M,30대,경기도,500이상700만원 미만,오프라인,N,N,N,N,N,N
53344225,202302,F,40대,부산광역시,300이상500만원 미만,온라인,N,N,N,N,N,N
53344245,202302,F,40대,부산광역시,500이상700만원 미만,오프라인,N,N,N,N,N,N
53344251,202302,M,60대 이상,부산광역시,700만원 이상,온라인,Y,N,N,N,N,N
53344257,202302,M,40대,부산광역시,500이상700만원 미만,오프라인,N,N,N,N,N,N
53344283,202302,F,50대,부산광역시,700만원 이상,오프라인,N,N,N,N,N,N
53344460,202302,M,60대 이상,부산광역시,500이상700만원 미만,오프라인,N,N,N,N,N,N
53344521,202302,F,30대,경기도,무응답,온라인,N,N,N,N,N,N
53344529,202302,M,40대,경기도,700만원 이상,오프라인,N,N,N,N,N,N
53344645,202302,M,40대,부산광역시,500이상700만원 미만,온라인,N,N,N,N,N,N
53344650,202302,M,60대 이상,부산광역시,700만원 이상,온라인,N,N,N,N,N,N
53344681,202302,F,50대,부산광역시,300이상500만원 미만,온라인,Y,N,N,N,N,N
53344801,202302,M,50대,부산광역시,700만원 이상,오프라인,N,N,N,N,N,N
53344977,202302,F,20대,경기도,300만원 미만,오프라인,N,N,N,N,N,N
53345019,202302,F,50대,서울특별시,500이상700만원 미만,온라인,N,N,N,N,N,N
53345090,202302,M,30대,부산광역시,300이상500만원 미만,온라인,N,N,N,N,N,N
53345265,202302,M,40대,부산광역시,300이상500만원 미만,온라인,Y,N,Y,Y,Y,N
53345302,202302,F,60대 이상,부산광역시,300만원 미만,온라인,N,N,N,N,N,N
53345354,202302,M,60대 이상,강원도,300만원 미만,오프라인,N,N,N,N,N,N
53345363,202302,F,50대,제주특별자치도,300만원 미만,온라인,N,N,N,N,N,N
53345372,202302,M,40대,경기도,700만원 이상,온라인,N,N,Y,N,Y,N
53345411,202302,F,50대,제주특별자치도,300만원 미만,온라인,N,N,N,N,N,N
53345508,202302,M,20대,충청북도,무응답,오프라인,N,N,N,N,N,N
53345570,202302,F,30대,강원도,무응답,오프라인,N,N,N,N,N,N
53345696,202302,M,40대,강원도,500이상700만원 미만,온라인,N,N,N,N,N,N
53345702,202302,M,60대 이상,충청남도,700만원 이상,오프라인,N,N,N,N,N,N
53345754,202302,F,40대,서울특별시,무응답,온라인,N,N,N,N,N,N
53345904,202302,F,30대,강원도,300이상500만원 미만,오프라인,N,N,N,N,N,N
53346098,202302,F,40대,부산광역시,300이상500만원 미만,온라인,N,N,N,N,N,N
53346145,202302,F,50대,부산광역시,300만원 미만,온라인,Y,N,N,N,N,N
53346257,202302,M,40대,경상북도,300만원 미만,오프라인,N,N,N,N,N,N
53346295,202302,M,50대,부산광역시,700만원 이상,오프라인,N,N,N,N,N,N
53346504,202302,F,60대 이상,경기도,무응답,온라인,N,N,N,N,N,N
53346531,202302,F,20대,충청남도,700만원 이상,오프라인,N,N,N,N,N,N
53346569,202302,M,20대,경상북도,500이상700만원 미만,오프라인,N,N,N,N,N,N
53346575,202302,M,50대,광주광역시,무응답,오프라인,N,N,N,N,N,N
53346578,202302,F,40대,충청남도,500이상700만원 미만,오프라인,N,N,N,N,N,N
53346590,202302,M,50대,경기도,무응답,온라인,N,N,N,N,N,N
53346699,202302,F,30대,충청남도,300이상500만원 미만,온라인,N,N,N,N,N,N
53346759,202302,F,40대,강원도,500이상700만원 미만,온라인,N,N,N,N,N,N
53346831,202302,M,30대,강원도,300만원 미만,온라인,Y,N,N,N,N,N
53346839,202302,M,30대,제주특별자치도,300만원 미만,오프라인,N,N,N,N,N,N
53346854,202302,M,30대,울산광역시,300만원 미만,온라인,N,N,N,Y,Y,N
53346886,202302,F,20대,부산광역시,300이상500만원 미만,온라인,N,N,N,Y,Y,N
53346907,202302,F,40대,광주광역시,700만원 이상,온라인,N,N,N,N,N,N
53346927,202302,F,50대,울산광역시,500이상700만원 미만,온라인,N,N,N,N,N,N
53346939,202302,F,50대,경상북도,700만원 이상,온라인,N,N,N,Y,Y,N
53347037,202302,F,20대,울산광역시,700만원 이상,온라인,N,N,N,N,N,N
53347103,202302,F,20대,강원도,300만원 미만,오프라인,N,N,N,N,N,N
53347106,202302,F,30대,강원도,무응답,오프라인,N,N,N,N,N,N
53347235,202302,F,30대,부산광역시,300이상500만원 미만,오프라인,N,N,N,N,N,N
53347369,202302,M,50대,부산광역시,500이상700만원 미만,온라인,N,N,N,N,N,N
53347399,202302,F,30대,울산광역시,300만원 미만,온라인,Y,N,N,N,N,N
53347427,202302,M,50대,울산광역시,700만원 이상,온라인,N,N,N,N,N,N
53347466,202302,F,50대,경기도,무응답,온라인,Y,N,N,N,N,N
53347509,202302,F,50대,강원도,700만원 이상,오프라인,N,N,N,N,N,N
53347693,202302,M,50대,부산광역시,700만원 이상,온라인,N,Y,N,N,N,Y
53347701,202302,F,50대,제주특별자치도,500이상700만원 미만,오프라인,N,N,N,N,N,N
53347857,202302,F,50대,세종특별자치시,700만원 이상,오프라인,N,N,N,N,N,N
53347888,202302,F,60대 이상,강원도,300만원 미만,온라인,N,N,N,N,N,N
53347903,202302,F,40대,충청남도,300이상500만원 미만,오프라인,Y,N,N,N,N,N
53347926,202302,F,30대,전라남도,500이상700만원 미만,온라인,N,N,N,N,N,N
53347990,202302,M,40대,강원도,700만원 이상,오프라인,N,N,N,N,N,N
53347995,202302,F,30대,광주광역시,무응답,온라인,N,N,N,N,N,N
53348010,202302,M,40대,강원도,500이상700만원 미만,오프라인,N,N,N,N,N,N
53348017,202302,M,30대,서울특별시,500이상700만원 미만,온라인,N,N,N,N,N,N
53348026,202302,M,30대,부산광역시,300만원 미만,오프라인,N,N,N,N,N,N
53348029,202302,F,30대,전라북도,무응답,온라인,N,N,N,N,N,N
53348035,202302,F,40대,세종특별자치시,300이상500만원 미만,오프라인,N,N,N,N,N,N
53348057,202302,F,50대,충청남도,300이상500만원 미만,온라인,N,N,N,N,N,N
53348074,202302,F,50대,부산광역시,700만원 이상,오프라인,N,N,N,N,N,N
53348113,202302,F,40대,부산광역시,500이상700만원 미만,오프라인,N,N,N,N,N,N
53348125,202302,M,40대,경기도,300이상500만원 미만,온라인,Y,N,N,N,N,N
53348136,202302,M,40대,전라남도,300이상500만원 미만,온라인,N,N,N,N,N,N
53348137,202302,F,20대,부산광역시,무응답,오프라인,N,N,N,N,N,N
53348153,202302,F,30대,충청남도,500이상700만원 미만,온라인,Y,N,N,N,N,N
53348208,202302,F,50대,서울특별시,700만원 이상,온라인,N,Y,N,Y,N,Y
53348237,202302,M,30대,전라남도,300이상500만원 미만,오프라인,N,N,N,N,N,N
53348356,202302,F,50대,부산광역시,500이상700만원 미만,온라인,N,N,N,N,N,N
53348399,202302,M,30대,제주특별자치도,무응답,오프라인,N,N,N,N,N,N
53348421,202302,F,60대 이상,제주특별자치도,300이상500만원 미만,온라인,N,N,N,N,N,N
53348514,202302,M,30대,경기도,무응답,오프라인,N,N,N,N,N,N
53348525,202302,M,40대,울산광역시,300이상500만원 미만,오프라인,N,N,N,N,N,N
53348592,202302,F,50대,경상남도,300이상500만원 미만,오프라인,N,N,N,N,N,N
53348727,202302,F,60대 이상,서울특별시,300이상500만원 미만,오프라인,N,N,N,N,N,N
53348800,202302,M,50대,부산광역시,700만원 이상,온라인,N,N,N,N,N,N
53348810,202302,M,20대,부산광역시,무응답,온라인,N,N,N,N,N,N
53348820,202302,M,50대,부산광역시,무응답,온라인,N,N,N,N,N,N
53348863,202302,F,20대,경기도,300이상500만원 미만,온라인,N,N,N,N,N,N
53348871,202302,M,60대 이상,서울특별시,300만원 미만,오프라인,N,N,N,N,N,N
53349007,202302,F,40대,부산광역시,500이상700만원 미만,온라인,N,N,N,N,N,N
53349009,202302,F,50대,강원도,700만원 이상,온라인,Y,N,N,N,N,N
53349045,202302,F,50대,강원도,700만원 이상,오프라인,N,N,N,N,N,N
53349077,202302,M,30대,경상북도,300만원 미만,온라인,N,N,N,N,N,N
53349112,202302,M,30대,전라북도,무응답,오프라인,N,N,N,N,N,N
53349139,202302,F,30대,경상북도,300만원 미만,오프라인,N,N,N,N,N,N
53349323,202302,M,30대,부산광역시,300이상500만원 미만,오프라인,N,N,N,N,N,N
53349339,202302,F,40대,부산광역시,700만원 이상,오프라인,N,N,N,N,N,N
53349358,202302,F,20대,울산광역시,300이상500만원 미만,온라인,N,N,Y,Y,Y,Y
53349366,202302,F,40대,제주특별자치도,300이상500만원 미만,온라인,N,N,N,N,N,N
53349503,202302,F,20대,제주특별자치도,300만원 미만,온라인,N,N,N,N,N,N
53349514,202302,M,50대,강원도,700만원 이상,오프라인,N,N,N,N,N,N
53349547,202302,M,60대 이상,울산광역시,300만원 미만,오프라인,N,N,N,N,N,N
53349624,202302,F,20대,강원도,300이상500만원 미만,오프라인,N,N,N,N,N,N
53349676,202302,F,40대,전라북도,300이상500만원 미만,오프라인,N,N,N,N,N,N
53349684,202302,M,40대,경기도,300만원 미만,오프라인,N,N,N,N,N,N
53349818,202302,F,30대,충청남도,500이상700만원 미만,오프라인,N,N,N,N,N,N
53349955,202302,M,60대 이상,충청남도,300만원 미만,오프라인,N,N,N,N,N,N
53350014,202302,F,60대 이상,경상남도,300만원 미만,오프라인,N,N,N,N,N,N
53350038,202302,M,50대,전라남도,300이상500만원 미만,오프라인,N,N,N,N,N,Y
53350122,202302,F,50대,강원도,300이상500만원 미만,온라인,N,N,N,N,N,N
53350137,202302,F,40대,전라남도,무응답,오프라인,N,N,N,N,N,N
53350211,202302,M,40대,강원도,700만원 이상,오프라인,N,N,N,N,N,N
53350231,202302,M,40대,전라북도,500이상700만원 미만,오프라인,N,N,N,N,N,N
53350393,202302,M,60대 이상,강원도,300이상500만원 미만,온라인,N,N,N,N,N,N
53350579,202302,F,20대,충청남도,300이상500만원 미만,온라인,N,N,N,Y,N,Y
53350653,202302,M,30대,부산광역시,500이상700만원 미만,온라인,N,N,N,N,N,N
53350713,202302,F,50대,경상북도,300만원 미만,온라인,N,N,N,N,N,N
53350767,202302,M,30대,경상남도,무응답,온라인,N,N,N,N,N,N
53350836,202302,M,20대,부산광역시,300이상500만원 미만,오프라인,N,N,N,N,N,N
53350919,202302,F,20대,경기도,무응답,오프라인,N,N,N,N,N,N
53350934,202302,M,40대,충청남도,500이상700만원 미만,오프라인,N,N,N,N,N,N
53351085,202302,M,20대,부산광역시,무응답,온라인,N,N,N,N,N,N
53351164,202302,F,20대,전라남도,700만원 이상,오프라인,N,N,N,N,N,N
53351239,202302,M,40대,전라남도,500이상700만원 미만,온라인,N,N,N,Y,N,N
53351244,202302,F,50대,충청남도,무응답,오프라인,N,N,N,N,N,N
53351428,202302,M,50대,세종특별자치시,300만원 미만,오프라인,N,N,N,N,N,N
53351434,202302,F,60대 이상,전라남도,700만원 이상,오프라인,N,N,N,N,N,N
53351484,202302,M,50대,부산광역시,무응답,온라인,N,N,N,N,N,N
53351866,202302,F,30대,충청남도,무응답,오프라인,N,N,N,N,N,N
53351967,202302,M,40대,부산광역시,700만원 이상,오프라인,N,N,N,N,N,N
53351999,202302,M,50대,강원도,500이상700만원 미만,오프라인,N,N,N,N,N,N
53352055,202302,M,30대,강원도,무응답,오프라인,N,N,N,N,N,N
53352097,202302,M,50대,부산광역시,무응답,오프라인,N,N,N,N,N,N
53352134,202302,M,60대 이상,부산광역시,700만원 이상,온라인,N,N,N,N,N,N
53352152,202302,F,60대 이상,경상북도,300이상500만원 미만,온라인,N,N,N,N,N,N
53352172,202302,F,60대 이상,세종특별자치시,300만원 미만,오프라인,N,N,N,N,N,N
53352292,202302,F,20대,광주광역시,무응답,온라인,N,N,N,N,N,N
53352327,202302,F,50대,강원도,700만원 이상,온라인,N,N,N,N,N,N
53352334,202302,F,30대,제주특별자치도,300이상500만원 미만,오프라인,N,N,N,N,N,N
53352388,202302,M,40대,부산광역시,500이상700만원 미만,오프라인,N,N,N,N,N,N
53352417,202302,M,30대,충청남도,300이상500만원 미만,오프라인,N,N,N,N,N,N
53352423,202302,M,50대,경상북도,700만원 이상,오프라인,N,N,N,N,N,N
53352488,202302,M,30대,강원도,무응답,온라인,N,N,N,N,N,N
53352513,202302,M,40대,강원도,300이상500만원 미만,오프라인,N,N,N,N,N,N
53352608,202302,F,50대,부산광역시,700만원 이상,온라인,N,N,N,N,N,Y
53352643,202302,F,40대,강원도,300이상500만원 미만,온라인,N,N,N,N,N,N
53352744,202302,F,60대 이상,경상남도,무응답,온라인,N,N,N,N,N,N
53352780,202302,F,40대,부산광역시,300이상500만원 미만,오프라인,N,N,N,N,N,N
53352905,202302,M,30대,부산광역시,300이상500만원 미만,온라인,N,Y,N,N,N,N
53353000,202302,M,50대,강원도,300만원 미만,오프라인,N,N,N,N,N,N
53353003,202302,F,40대,강원도,500이상700만원 미만,온라인,N,N,N,N,N,N
53353097,202302,M,20대,부산광역시,300이상500만원 미만,온라인,N,N,N,N,N,N
53353154,202302,M,50대,부산광역시,300만원 미만,온라인,N,N,N,N,N,N
53353185,202302,M,50대,제주특별자치도,300만원 미만,오프라인,N,N,N,N,N,N
53353214,202302,F,30대,강원도,500이상700만원 미만,오프라인,N,N,N,N,N,N
53353255,202302,M,30대,전라남도,300만원 미만,오프라인,N,N,N,N,N,N
53353317,202302,F,50대,전라남도,500이상700만원 미만,온라인,N,N,N,N,N,N
53353370,202302,F,30대,대구광역시,700만원 이상,오프라인,N,N,N,N,N,N
53353373,202302,F,40대,부산광역시,500이상700만원 미만,온라인,N,N,N,N,N,N
53353387,202302,M,30대,인천광역시,300만원 미만,오프라인,N,N,N,N,N,N
53353499,202302,F,60대 이상,경상북도,700만원 이상,오프라인,N,N,N,N,N,N
53353629,202302,F,40대,제주특별자치도,500이상700만원 미만,오프라인,N,N,N,N,N,N
53353685,202302,F,60대 이상,경상남도,300만원 미만,온라인,N,N,N,N,N,N
53353721,202302,M,50대,부산광역시,700만원 이상,온라인,N,N,N,N,N,Y
53353740,202302,M,30대,경상북도,300만원 미만,온라인,N,N,N,N,N,N
53353767,202302,F,50대,부산광역시,무응답,온라인,N,N,N,N,N,N
53353782,202302,M,50대,강원도,700만원 이상,오프라인,N,N,N,N,N,N
53353912,202302,F,50대,부산광역시,700만원 이상,오프라인,N,N,N,N,N,N
53354005,202302,F,40대,부산광역시,500이상700만원 미만,온라인,N,N,N,N,N,N
53354102,202302,F,40대,대전광역시,500이상700만원 미만,오프라인,N,N,N,N,N,N
53354143,202302,M,60대 이상,제주특별자치도,300만원 미만,오프라인,N,N,N,N,N,N
53354212,202302,M,30대,부산광역시,500이상700만원 미만,오프라인,N,N,N,N,N,N
53354248,202302,F,20대,전라북도,300이상500만원 미만,온라인,Y,N,N,N,N,N
53354271,202302,M,40대,부산광역시,300만원 미만,온라인,N,N,N,N,N,N
53354298,202302,M,40대,부산광역시,300만원 미만,온라인,N,N,N,N,N,N
53354446,202302,M,40대,부산광역시,700만원 이상,오프라인,N,N,N,N,N,N
53354524,202302,F,40대,전라남도,300이상500만원 미만,오프라인,N,N,N,N,N,N
53354540,202302,F,20대,부산광역시,무응답,온라인,N,N,N,N,N,N
53354582,202302,F,50대,부산광역시,500이상700만원 미만,온라인,N,N,N,N,N,N
53354736,202302,M,50대,울산광역시,300만원 미만,오프라인,N,N,N,N,N,N
53354755,202302,M,50대,강원도,300이상500만원 미만,온라인,N,N,N,N,N,N
53354771,202302,M,40대,울산광역시,무응답,온라인,N,N,N,N,N,N
53355008,202302,M,40대,경상북도,300이상500만원 미만,오프라인,N,N,N,N,N,N
53355231,202302,M,40대,부산광역시,500이상700만원 미만,오프라인,N,N,N,N,N,N
53355294,202302,M,60대 이상,서울특별시,300만원 미만,오프라인,N,N,N,N,N,N
53355310,202302,M,40대,경상북도,500이상700만원 미만,오프라인,N,N,N,N,N,N
53355403,202302,F,50대,경기도,500이상700만원 미만,온라인,N,N,N,N,N,N
53355468,202302,F,40대,강원도,300이상500만원 미만,오프라인,N,N,N,N,N,N
53355469,202302,M,30대,전라남도,300만원 미만,온라인,N,N,N,N,N,N
53355476,202302,F,40대,세종특별자치시,300만원 미만,오프라인,Y,N,N,N,N,N
53355492,202302,M,50대,경기도,300만원 미만,오프라인,Y,Y,N,N,N,Y
53355589,202302,F,30대,경기도,700만원 이상,오프라인,N,N,N,N,N,N
53355700,202302,M,50대,부산광역시,700만원 이상,오프라인,Y,N,N,N,N,N
53355705,202302,F,50대,경상남도,500이상700만원 미만,오프라인,N,N,N,N,N,N
53355714,202302,F,60대 이상,부산광역시,300만원 미만,오프라인,N,N,N,N,N,N
53355763,202302,M,30대,울산광역시,300만원 미만,온라인,N,N,N,N,N,N
53355783,202302,M,40대,부산광역시,700만원 이상,온라인,N,N,N,N,N,N
53355785,202302,F,30대,제주특별자치도,무응답,온라인,Y,N,N,Y,N,Y
53356040,202302,F,20대,경상북도,700만원 이상,온라인,N,N,N,N,N,N
53356275,202302,F,20대,강원도,무응답,온라인,Y,Y,N,Y,Y,N
53356288,202302,M,30대,충청남도,700만원 이상,오프라인,N,N,N,N,N,N
53356296,202302,M,60대 이상,강원도,300만원 미만,온라인,N,N,N,N,N,N
53356456,202302,M,20대,부산광역시,무응답,온라인,N,N,N,N,N,N
53356475,202302,M,50대,대구광역시,500이상700만원 미만,오프라인,N,N,N,N,N,N
53356570,202302,M,30대,대구광역시,300만원 미만,오프라인,N,N,N,N,N,N
53356579,202302,M,60대 이상,충청남도,300만원 미만,온라인,N,N,N,N,N,N
53356681,202302,M,30대,부산광역시,300이상500만원 미만,오프라인,N,N,N,N,N,N
53356685,202302,F,50대,인천광역시,700만원 이상,온라인,Y,N,N,N,N,N
53356687,202302,M,50대,울산광역시,700만원 이상,오프라인,N,N,N,N,N,N
53356689,202302,F,30대,부산광역시,무응답,온라인,N,N,N,N,N,N
53356694,202302,F,20대,부산광역시,700만원 이상,온라인,N,N,N,N,N,N
53356801,202302,M,30대,부산광역시,300만원 미만,오프라인,N,N,N,N,N,N
53356866,202302,M,30대,경기도,700만원 이상,온라인,N,Y,N,Y,Y,N
53356875,202302,F,30대,세종특별자치시,300만원 미만,오프라인,N,N,N,N,N,N
53356930,202302,F,40대,서울특별시,500이상700만원 미만,온라인,N,N,N,N,N,N
53356953,202302,M,30대,충청남도,300이상500만원 미만,오프라인,N,N,N,N,N,N
53356963,202302,F,40대,부산광역시,300만원 미만,온라인,N,N,N,N,N,N
53357048,202302,F,20대,부산광역시,300이상500만원 미만,오프라인,N,N,N,N,N,N
53357161,202302,F,30대,부산광역시,무응답,오프라인,N,N,N,N,N,N
53357182,202302,F,20대,충청남도,500이상700만원 미만,온라인,N,N,N,N,N,N
53357199,202302,F,30대,강원도,500이상700만원 미만,오프라인,N,N,N,N,N,N
53357265,202302,M,40대,대구광역시,700만원 이상,오프라인,Y,N,N,N,N,N
53357300,202302,F,20대,부산광역시,500이상700만원 미만,온라인,Y,Y,Y,N,N,Y
53357312,202302,F,40대,제주특별자치도,500이상700만원 미만,오프라인,N,N,N,N,N,N
53357457,202302,F,20대,부산광역시,무응답,온라인,N,N,N,N,N,N
53357470,202302,F,50대,경기도,무응답,오프라인,Y,N,N,N,N,N
53357472,202302,M,30대,강원도,300이상500만원 미만,온라인,N,N,N,N,N,N
53357579,202302,F,40대,경기도,300만원 미만,오프라인,N,N,N,N,N,N
53357598,202302,M,50대,경상남도,300이상500만원 미만,온라인,N,N,N,N,N,N
53357644,202302,M,50대,경상남도,700만원 이상,오프라인,N,N,N,N,N,N
53357691,202302,F,40대,제주특별자치도,700만원 이상,온라인,N,N,N,N,N,N
53357737,202302,F,40대,충청남도,300이상500만원 미만,오프라인,Y,Y,N,N,N,N
53357791,202302,F,40대,부산광역시,300만원 미만,오프라인,N,N,N,N,N,N
53357803,202302,F,30대,울산광역시,300이상500만원 미만,오프라인,N,N,N,N,N,N
53357818,202302,F,50대,강원도,300만원 미만,온라인,N,N,N,N,N,N
53357821,202302,M,30대,세종특별자치시,무응답,오프라인,N,N,N,N,N,N
53357850,202302,F,40대,부산광역시,300만원 미만,오프라인,N,N,N,N,N,N
53357864,202302,F,40대,경기도,300만원 미만,온라인,N,N,N,N,N,N
53357902,202302,F,30대,부산광역시,700만원 이상,온라인,N,Y,N,N,N,N
53357921,202302,F,60대 이상,충청남도,무응답,오프라인,N,N,N,N,N,N
53357925,202302,M,50대,세종특별자치시,300이상500만원 미만,온라인,N,N,N,N,N,N
53358136,202302,F,20대,부산광역시,무응답,오프라인,N,N,N,N,N,N
53358138,202302,M,30대,경상북도,700만원 이상,온라인,N,N,N,N,N,N
53358225,202302,F,40대,부산광역시,700만원 이상,오프라인,N,N,N,N,N,N
53358272,202302,F,30대,경상북도,500이상700만원 미만,오프라인,N,N,N,N,N,N
53358329,202302,M,30대,부산광역시,300이상500만원 미만,온라인,N,N,N,N,N,N
53358361,202302,M,40대,부산광역시,300만원 미만,온라인,N,N,N,N,N,N
53358411,202302,F,30대,경기도,300만원 미만,오프라인,N,N,N,N,N,Y
53358509,202302,F,30대,강원도,300이상500만원 미만,온라인,N,N,N,N,N,N
53358596,202302,M,40대,강원도,300만원 미만,온라인,N,N,N,N,N,N
53358605,202302,F,60대 이상,부산광역시,300만원 미만,온라인,N,N,N,N,N,N
53358711,202302,F,40대,충청남도,700만원 이상,온라인,N,N,N,N,N,N
53358850,202302,F,30대,서울특별시,700만원 이상,오프라인,N,N,N,N,N,N
53358912,202302,F,40대,경기도,500이상700만원 미만,오프라인,N,N,N,N,N,N
53358929,202302,M,60대 이상,강원도,700만원 이상,온라인,N,N,N,N,N,N
53358969,202302,F,50대,강원도,500이상700만원 미만,온라인,N,N,N,N,N,N
53359048,202302,F,30대,부산광역시,무응답,온라인,Y,N,N,Y,Y,N
53359140,202302,M,30대,부산광역시,300만원 미만,오프라인,N,Y,N,N,N,N
53359181,202302,F,20대,부산광역시,500이상700만원 미만,오프라인,N,N,N,N,N,N
53359291,202302,M,60대 이상,강원도,500이상700만원 미만,오프라인,N,N,N,N,N,N
53359316,202302,F,40대,부산광역시,500이상700만원 미만,온라인,N,N,N,N,N,N
53359516,202302,M,60대 이상,부산광역시,300이상500만원 미만,온라인,N,N,N,N,N,Y
53359554,202302,M,50대,제주특별자치도,300만원 미만,온라인,N,N,N,N,N,N
53359605,202302,M,40대,경상북도,300이상500만원 미만,온라인,N,N,N,N,N,N
53359608,202302,F,50대,부산광역시,700만원 이상,온라인,N,N,N,N,N,N
53359614,202302,F,20대,부산광역시,무응답,오프라인,N,N,N,N,N,N
53359625,202302,F,40대,부산광역시,무응답,온라인,N,N,N,N,N,N
53359702,202302,M,40대,경기도,무응답,온라인,N,N,N,N,N,N
53359782,202302,F,40대,서울특별시,300이상500만원 미만,온라인,N,N,N,N,N,N
53359865,202302,M,30대,경상북도,무응답,온라인,N,N,N,Y,N,N
53359938,202302,M,40대,부산광역시,300이상500만원 미만,온라인,N,N,N,N,N,N
53360066,202302,M,20대,부산광역시,무응답,온라인,N,N,Y,N,N,N
53360068,202302,M,30대,경기도,300만원 미만,온라인,N,N,N,N,N,N
53360134,202302,F,40대,경기도,무응답,오프라인,N,N,N,N,N,N
53360185,202302,M,40대,경상북도,300이상500만원 미만,온라인,Y,Y,N,N,N,N
53360194,202302,M,20대,부산광역시,300만원 미만,온라인,N,N,N,N,N,N
53360253,202302,F,60대 이상,충청남도,무응답,온라인,N,N,N,N,N,N
53360262,202302,F,20대,부산광역시,무응답,온라인,N,N,N,N,N,N
53360292,202302,M,30대,세종특별자치시,300이상500만원 미만,오프라인,N,N,N,N,N,N
53360342,202302,M,60대 이상,경상남도,300이상500만원 미만,온라인,N,N,N,N,N,N
53360455,202302,F,60대 이상,세종특별자치시,300만원 미만,온라인,N,N,N,N,N,N
53360533,202302,M,50대,부산광역시,700만원 이상,오프라인,N,N,N,N,N,N
53360559,202302,F,50대,전라북도,500이상700만원 미만,온라인,N,N,N,N,N,N
53360704,202302,M,60대 이상,경기도,700만원 이상,온라인,N,N,N,N,N,N
53360742,202302,M,60대 이상,제주특별자치도,700만원 이상,오프라인,N,Y,N,N,N,N
53360785,202302,M,60대 이상,세종특별자치시,300이상500만원 미만,온라인,N,N,N,N,N,N
53360908,202302,M,50대,충청북도,300이상500만원 미만,오프라인,N,N,N,N,N,N
53360923,202302,M,30대,울산광역시,500이상700만원 미만,오프라인,N,N,N,N,N,N
53361088,202302,F,50대,부산광역시,700만원 이상,온라인,N,Y,N,N,Y,N
53361104,202302,F,50대,부산광역시,700만원 이상,오프라인,N,N,N,N,N,N
53361131,202302,M,30대,경기도,무응답,오프라인,N,N,N,N,N,N
53361166,202302,F,40대,전라남도,500이상700만원 미만,오프라인,N,N,N,N,N,N
53361167,202302,M,40대,경상북도,700만원 이상,오프라인,N,N,N,N,N,N
53361188,202302,F,60대 이상,세종특별자치시,500이상700만원 미만,온라인,N,N,N,N,N,N
53361346,202302,M,50대,부산광역시,700만원 이상,온라인,Y,N,N,N,N,N
53361365,202302,F,60대 이상,부산광역시,700만원 이상,오프라인,N,N,N,N,N,N
53361396,202302,M,30대,경기도,500이상700만원 미만,온라인,N,N,N,N,N,N
53361443,202302,M,60대 이상,강원도,700만원 이상,온라인,N,N,N,N,N,N
53361453,202302,M,40대,강원도,300만원 미만,온라인,N,Y,N,N,N,N
53361462,202302,M,30대,서울특별시,300만원 미만,오프라인,N,N,N,N,N,N
53361525,202302,F,30대,세종특별자치시,300이상500만원 미만,온라인,N,N,N,N,N,N
53361576,202302,F,30대,전라북도,500이상700만원 미만,오프라인,N,N,N,N,N,N
53361578,202302,F,20대,세종특별자치시,700만원 이상,오프라인,N,Y,N,N,N,N
53361692,202302,F,30대,울산광역시,무응답,온라인,Y,N,N,N,N,Y
53361773,202302,F,50대,충청남도,무응답,온라인,N,N,N,N,N,N
53361797,202302,M,50대,전라남도,500이상700만원 미만,온라인,Y,N,Y,Y,Y,N
53361834,202302,M,50대,광주광역시,300이상500만원 미만,온라인,N,N,Y,N,N,Y
53361997,202302,F,30대,부산광역시,500이상700만원 미만,온라인,N,N,N,N,N,N
53362000,202302,M,20대,충청남도,500이상700만원 미만,온라인,N,N,N,N,N,N
53362016,202302,F,30대,부산광역시,700만원 이상,온라인,N,N,N,N,N,N
53362036,202302,M,50대,부산광역시,300만원 미만,온라인,N,N,N,N,N,N
53362038,202302,M,40대,광주광역시,300만원 미만,오프라인,N,N,N,N,N,N
53362047,202302,M,60대 이상,경기도,500이상700만원 미만,온라인,N,N,N,N,N,N
53362079,202302,F,40대,강원도,700만원 이상,오프라인,N,N,N,N,N,N
53362087,202302,F,20대,강원도,무응답,온라인,N,N,N,N,N,N
53362160,202302,M,50대,강원도,300이상500만원 미만,온라인,N,N,N,N,N,N
53362314,202302,M,60대 이상,광주광역시,300이상500만원 미만,오프라인,N,N,N,N,N,N
53362371,202302,M,50대,경상북도,700만원 이상,온라인,N,N,N,N,N,N
53362422,202302,F,30대,강원도,300만원 미만,온라인,N,N,N,N,N,N
53362490,202302,F,40대,경상북도,300이상500만원 미만,온라인,N,N,N,N,N,N
53362503,202302,M,40대,강원도,500이상700만원 미만,온라인,N,N,N,N,N,N
53362648,202302,M,20대,경기도,500이상700만원 미만,온라인,N,N,N,N,N,N
53362721,202302,F,20대,강원도,700만원 이상,오프라인,N,N,N,N,N,N
53362750,202302,F,30대,경상북도,무응답,온라인,N,N,N,N,N,N
53362952,202302,F,40대,강원도,300이상500만원 미만,온라인,N,N,N,N,Y,Y
53362966,202302,F,40대,강원도,700만원 이상,온라인,N,N,N,N,N,N
53362980,202302,F,60대 이상,강원도,700만원 이상,온라인,N,N,N,N,N,N
53362990,202302,M,50대,대구광역시,500이상700만원 미만,오프라인,N,N,N,N,N,N
53363021,202302,M,50대,세종특별자치시,700만원 이상,오프라인,N,N,N,N,N,N
53363051,202302,M,30대,광주광역시,300만원 미만,온라인,N,N,N,N,N,N
53363083,202302,M,40대,경상북도,700만원 이상,오프라인,Y,Y,N,N,N,N
53363211,202302,M,50대,부산광역시,500이상700만원 미만,오프라인,N,N,N,N,N,N
53363483,202302,F,30대,울산광역시,300이상500만원 미만,온라인,N,N,N,N,N,N
53363544,202302,F,60대 이상,강원도,700만원 이상,오프라인,N,N,N,N,N,N
53363716,202302,F,50대,경상북도,700만원 이상,온라인,N,N,N,N,N,N
53363720,202302,F,50대,강원도,700만원 이상,온라인,N,N,N,N,N,N
53363757,202302,F,40대,충청남도,무응답,오프라인,N,N,N,N,N,N
53363760,202302,M,40대,강원도,500이상700만원 미만,오프라인,N,N,N,N,N,N
53363821,202302,M,50대,부산광역시,300이상500만원 미만,온라인,N,N,N,N,N,N
53363844,202302,M,30대,충청남도,700만원 이상,오프라인,N,N,N,N,N,N
53363872,202302,F,30대,충청남도,무응답,온라인,N,N,N,N,N,N
53363974,202302,M,60대 이상,충청북도,700만원 이상,온라인,N,N,N,N,N,N
53364114,202302,M,40대,부산광역시,500이상700만원 미만,온라인,N,N,N,N,N,N
53364127,202302,M,40대,강원도,700만원 이상,온라인,N,N,N,N,N,N
53364133,202302,M,30대,부산광역시,500이상700만원 미만,오프라인,N,N,N,N,N,N
53364196,202302,F,60대 이상,전라남도,무응답,온라인,N,N,N,N,N,N
53364204,202302,M,40대,강원도,300만원 미만,오프라인,N,N,N,N,N,N
53364253,202302,M,40대,강원도,700만원 이상,오프라인,N,N,N,N,N,N
53364317,202302,M,30대,충청남도,무응답,온라인,N,N,N,N,N,N
53364494,202302,F,50대,부산광역시,300이상500만원 미만,오프라인,N,N,N,N,N,N
53364529,202302,F,60대 이상,강원도,무응답,오프라인,N,N,N,N,N,N
53364530,202302,M,50대,강원도,700만원 이상,온라인,N,N,N,N,N,N
53364533,202302,F,50대,충청남도,700만원 이상,오프라인,N,N,N,N,N,N
53364688,202302,M,50대,경상남도,300만원 미만,오프라인,N,N,N,N,N,N
53364722,202302,M,30대,강원도,700만원 이상,온라인,N,Y,N,Y,Y,N
53364779,202302,F,30대,부산광역시,300만원 미만,오프라인,N,N,N,N,N,N
53364837,202302,F,50대,충청남도,무응답,온라인,N,N,N,N,N,N
53364843,202302,M,50대,부산광역시,700만원 이상,온라인,N,N,N,N,N,N
53365175,202302,F,30대,부산광역시,300만원 미만,오프라인,N,N,N,N,N,N
53365259,202302,F,20대,경기도,무응답,오프라인,N,N,N,N,N,N
53365338,202302,F,30대,울산광역시,700만원 이상,온라인,N,N,N,N,N,N
53365400,202302,F,30대,부산광역시,300이상500만원 미만,오프라인,N,N,N,N,N,N
53365414,202302,F,60대 이상,강원도,무응답,오프라인,N,N,N,N,N,N
53365429,202302,M,60대 이상,부산광역시,무응답,오프라인,N,N,N,N,N,N
53365582,202302,M,60대 이상,세종특별자치시,700만원 이상,오프라인,N,N,N,N,N,N
53365633,202302,M,40대,부산광역시,300이상500만원 미만,오프라인,N,N,N,N,N,N
53365696,202302,F,60대 이상,강원도,500이상700만원 미만,오프라인,N,N,N,N,N,N
53365720,202302,F,50대,전라북도,300만원 미만,온라인,N,N,N,N,N,N
53365739,202302,F,30대,대구광역시,700만원 이상,오프라인,N,N,N,N,N,N
53365750,202302,M,50대,부산광역시,300만원 미만,온라인,N,N,N,N,N,N
53365771,202302,F,50대,충청남도,300만원 미만,오프라인,N,N,N,N,N,N
53365835,202302,M,60대 이상,인천광역시,700만원 이상,온라인,N,N,N,N,N,N
53365838,202302,M,30대,강원도,300이상500만원 미만,오프라인,N,N,N,N,N,N
53365888,202302,F,60대 이상,경상남도,무응답,온라인,N,N,N,N,N,N
53366039,202302,F,30대,강원도,700만원 이상,오프라인,N,N,N,N,N,N
53366128,202302,F,60대 이상,울산광역시,무응답,온라인,N,N,N,N,N,N
53366222,202302,F,20대,경상북도,무응답,온라인,N,Y,N,N,N,N
53366226,202302,F,50대,부산광역시,300만원 미만,오프라인,N,N,N,N,N,N
53366272,202302,F,20대,강원도,300만원 미만,오프라인,N,N,N,N,N,N
53366519,202302,M,30대,전라남도,무응답,온라인,Y,N,Y,N,Y,N
53366570,202302,M,50대,강원도,무응답,오프라인,N,N,N,N,N,N
53366577,202302,M,40대,경기도,300이상500만원 미만,오프라인,N,N,N,N,N,N
53366750,202302,M,40대,부산광역시,300만원 미만,온라인,N,N,N,N,N,N
53366973,202302,M,60대 이상,경상북도,500이상700만원 미만,오프라인,N,N,N,N,N,N
53367002,202302,F,20대,광주광역시,300만원 미만,오프라인,N,N,N,N,N,N
53367012,202302,M,50대,경기도,300만원 미만,오프라인,N,Y,N,N,N,N
53367023,202302,M,50대,강원도,300이상500만원 미만,온라인,N,N,N,N,N,N
53367098,202302,F,50대,전라북도,700만원 이상,오프라인,N,N,N,N,N,N
53367122,202302,M,50대,충청남도,500이상700만원 미만,온라인,N,N,N,N,N,N
53367154,202302,F,50대,인천광역시,300만원 미만,오프라인,N,N,N,N,N,N
53367309,202302,M,40대,대구광역시,700만원 이상,오프라인,N,N,N,N,N,N
53367322,202302,M,60대 이상,부산광역시,300이상500만원 미만,오프라인,N,N,N,N,N,N
53367465,202302,F,60대 이상,부산광역시,300이상500만원 미만,오프라인,N,N,N,N,N,N
53367594,202302,F,50대,부산광역시,300이상500만원 미만,오프라인,N,N,N,N,N,N
53367636,202302,M,40대,경상남도,700만원 이상,온라인,N,N,N,N,N,N
53367804,202302,F,40대,강원도,700만원 이상,오프라인,N,N,N,N,N,N
53367864,202302,F,40대,경상남도,300이상500만원 미만,오프라인,N,N,N,N,N,N
53367953,202302,M,60대 이상,부산광역시,무응답,온라인,N,N,N,N,N,N
53367956,202302,M,50대,충청북도,500이상700만원 미만,온라인,N,N,N,N,N,N
53368010,202302,F,40대,강원도,300이상500만원 미만,온라인,N,N,N,N,N,N
53368017,202302,M,50대,부산광역시,300만원 미만,온라인,N,N,N,N,N,N
53368115,202302,F,50대,강원도,300이상500만원 미만,온라인,N,N,N,N,N,N
53368120,202302,M,40대,세종특별자치시,700만원 이상,온라인,N,N,N,N,N,N
53368123,202302,M,30대,부산광역시,무응답,온라인,N,N,N,N,N,N
53368391,202302,M,30대,부산광역시,300이상500만원 미만,온라인,N,N,N,N,N,N
53368463,202302,M,20대,부산광역시,무응답,온라인,N,N,N,N,N,N
53368644,202302,F,40대,광주광역시,300이상500만원 미만,온라인,Y,N,N,N,N,N
53368721,202302,F,60대 이상,부산광역시,700만원 이상,오프라인,N,N,N,N,N,N
53368799,202302,F,20대,충청남도,무응답,오프라인,N,N,N,N,N,N
53368868,202302,F,20대,세종특별자치시,무응답,온라인,N,N,N,N,N,N
53368899,202302,F,20대,강원도,700만원 이상,온라인,N,N,N,N,N,N
53369009,202302,F,50대,대구광역시,300이상500만원 미만,온라인,N,N,N,N,N,N
53369061,202302,M,30대,인천광역시,700만원 이상,온라인,N,N,N,N,N,N
53369103,202302,F,30대,부산광역시,700만원 이상,오프라인,N,N,N,N,N,N
53369246,202302,M,30대,강원도,300이상500만원 미만,오프라인,Y,N,N,N,N,Y
53369264,202302,F,60대 이상,대구광역시,700만원 이상,오프라인,N,N,N,N,N,N
53369266,202302,M,20대,부산광역시,500이상700만원 미만,오프라인,N,N,N,N,N,N
53369428,202302,F,50대,부산광역시,300만원 미만,온라인,N,N,N,N,N,N
53369482,202302,F,60대 이상,대전광역시,700만원 이상,온라인,N,N,N,N,N,N
53369489,202302,M,30대,부산광역시,500이상700만원 미만,오프라인,N,Y,N,N,N,N
53369513,202302,F,40대,부산광역시,700만원 이상,오프라인,N,N,N,N,N,N
53369518,202302,F,60대 이상,경상북도,300이상500만원 미만,온라인,N,N,N,N,N,N
53369583,202302,M,60대 이상,부산광역시,500이상700만원 미만,오프라인,N,N,N,N,N,N
53369588,202302,M,30대,광주광역시,300만원 미만,온라인,N,N,N,Y,Y,N
53369595,202302,M,30대,강원도,300만원 미만,온라인,N,N,N,N,N,N
53369617,202302,M,30대,부산광역시,300만원 미만,온라인,N,N,N,N,N,N
53369625,202302,M,50대,경상북도,300이상500만원 미만,온라인,N,N,N,N,N,N
53369656,202302,F,20대,부산광역시,무응답,온라인,Y,N,N,Y,N,N
53369671,202302,M,30대,부산광역시,700만원 이상,온라인,N,N,N,N,N,N
53369694,202302,F,60대 이상,경기도,500이상700만원 미만,온라인,N,N,N,N,N,N
53369704,202302,F,50대,광주광역시,300만원 미만,온라인,N,N,N,N,N,N
53369843,202302,F,40대,부산광역시,500이상700만원 미만,온라인,N,N,N,N,N,N
53369909,202302,F,30대,부산광역시,700만원 이상,온라인,N,N,N,N,Y,N
53369933,202302,M,20대,대구광역시,무응답,오프라인,N,N,N,N,N,N
53370026,202302,F,30대,경상북도,무응답,온라인,N,N,N,N,N,N
53370031,202302,F,50대,전라남도,500이상700만원 미만,온라인,Y,N,N,N,N,Y
53370057,202302,M,20대,강원도,무응답,온라인,N,N,N,N,N,N
53370134,202302,F,60대 이상,충청남도,300만원 미만,오프라인,N,N,N,N,N,N
53370187,202302,M,40대,부산광역시,500이상700만원 미만,온라인,N,N,N,N,Y,N
53370210,202302,F,50대,부산광역시,무응답,오프라인,N,N,N,N,N,N
53370240,202302,F,30대,부산광역시,300이상500만원 미만,온라인,N,N,N,N,N,N
53370245,202302,F,30대,충청남도,300이상500만원 미만,온라인,N,N,N,N,N,N
53370308,202302,F,20대,경기도,500이상700만원 미만,온라인,N,N,N,N,N,N
53370365,202302,M,40대,세종특별자치시,500이상700만원 미만,온라인,N,N,N,N,N,N
53370373,202302,F,50대,제주특별자치도,300이상500만원 미만,오프라인,N,N,N,N,N,N
53370490,202302,M,50대,강원도,500이상700만원 미만,온라인,N,Y,N,N,N,N
53370552,202302,F,50대,강원도,700만원 이상,온라인,Y,N,N,N,N,N
53370556,202302,F,20대,광주광역시,무응답,온라인,Y,Y,N,N,N,N
53370656,202302,M,30대,세종특별자치시,700만원 이상,오프라인,N,N,N,N,N,N
53370803,202302,M,40대,경기도,300이상500만원 미만,온라인,N,N,N,N,N,N
53370888,202302,M,30대,강원도,300이상500만원 미만,오프라인,N,N,N,N,N,N
53370946,202302,F,60대 이상,부산광역시,300이상500만원 미만,온라인,N,N,N,N,N,N
53370977,202302,M,40대,전라남도,700만원 이상,오프라인,N,N,N,N,N,N
53371000,202302,M,30대,부산광역시,300이상500만원 미만,오프라인,N,N,N,N,N,N
53371005,202302,F,30대,부산광역시,700만원 이상,오프라인,N,N,N,N,N,N
53371047,202302,M,30대,부산광역시,500이상700만원 미만,오프라인,N,N,N,N,N,N
53371142,202302,M,50대,부산광역시,300만원 미만,오프라인,N,N,N,N,N,N
53371184,202302,M,20대,세종특별자치시,무응답,오프라인,N,N,N,N,N,N
53371256,202302,F,40대,강원도,500이상700만원 미만,오프라인,N,N,N,N,N,N
53371566,202302,M,30대,경상북도,무응답,오프라인,N,N,N,N,N,N
53371654,202302,F,20대,부산광역시,무응답,온라인,N,N,N,N,N,N
53371668,202302,F,30대,서울특별시,500이상700만원 미만,온라인,Y,N,N,N,N,N
53371794,202302,M,30대,부산광역시,300만원 미만,오프라인,N,N,N,N,N,N
53371831,202302,M,20대,대구광역시,무응답,온라인,N,N,N,N,N,N
53371910,202302,F,50대,울산광역시,300만원 미만,오프라인,N,N,N,N,N,N
53371941,202302,M,50대,부산광역시,300이상500만원 미만,오프라인,N,N,N,N,N,N
53371971,202302,M,40대,경상남도,300만원 미만,오프라인,N,N,N,N,N,N
53372088,202302,M,60대 이상,대전광역시,300이상500만원 미만,오프라인,N,N,N,N,N,N
53372216,202302,M,40대,세종특별자치시,300이상500만원 미만,오프라인,N,N,N,N,N,N
53372259,202302,F,50대,부산광역시,300이상500만원 미만,온라인,N,N,N,N,N,N
53372260,202302,M,20대,강원도,300만원 미만,온라인,N,N,N,N,N,N
53372267,202302,M,50대,강원도,700만원 이상,오프라인,N,N,N,N,N,N
53372270,202302,M,20대,경상북도,무응답,온라인,N,N,Y,N,N,N
53372312,202302,M,40대,강원도,무응답,온라인,N,N,N,N,N,N
53372340,202302,M,40대,강원도,300만원 미만,오프라인,N,N,N,N,N,N
53372711,202302,M,40대,경상북도,500이상700만원 미만,오프라인,N,N,N,N,N,N
53372798,202302,F,30대,경기도,300만원 미만,오프라인,N,N,N,N,N,N
53372945,202302,F,40대,부산광역시,700만원 이상,온라인,N,N,N,N,N,N
53372959,202302,F,20대,광주광역시,300만원 미만,온라인,N,N,N,N,N,N
53372984,202302,M,40대,충청북도,300이상500만원 미만,오프라인,N,N,N,N,N,N
53373020,202302,F,50대,전라북도,300만원 미만,오프라인,N,N,N,N,N,N
53373065,202302,M,30대,울산광역시,300이상500만원 미만,오프라인,N,N,N,N,N,N
53373220,202302,M,40대,강원도,500이상700만원 미만,온라인,N,N,N,N,N,N
53373389,202302,M,20대,경기도,무응답,온라인,N,N,N,N,N,N
53373413,202302,F,40대,강원도,300이상500만원 미만,오프라인,N,N,N,N,N,N
53373416,202302,M,30대,세종특별자치시,300이상500만원 미만,온라인,N,N,N,N,N,N
53373442,202302,M,40대,강원도,500이상700만원 미만,온라인,N,N,N,N,N,N
53373447,202302,F,20대,강원도,300만원 미만,오프라인,N,N,N,N,N,N
53373448,202302,M,40대,충청남도,500이상700만원 미만,오프라인,N,N,N,N,N,N
53373449,202302,F,50대,강원도,300이상500만원 미만,오프라인,N,N,N,N,N,N
53373456,202302,F,30대,충청남도,무응답,온라인,N,N,N,N,N,N
53373519,202302,F,40대,강원도,700만원 이상,온라인,Y,Y,N,N,N,N
53373669,202302,M,30대,경상남도,무응답,오프라인,N,N,N,N,N,N
53373687,202302,F,40대,경상남도,300이상500만원 미만,온라인,N,N,N,N,N,N
53373706,202302,F,50대,경기도,700만원 이상,온라인,Y,N,N,N,N,N
53373857,202302,M,40대,경기도,700만원 이상,온라인,Y,N,N,N,N,N
53373908,202302,M,50대,경상남도,300이상500만원 미만,오프라인,N,N,N,N,N,N
53373914,202302,M,60대 이상,강원도,700만원 이상,오프라인,N,N,N,N,N,N
53374004,202302,M,40대,충청남도,300이상500만원 미만,온라인,N,N,N,N,N,N
53374046,202302,M,40대,세종특별자치시,300이상500만원 미만,온라인,N,N,N,N,N,N
53374062,202302,M,40대,전라북도,500이상700만원 미만,오프라인,N,N,N,N,N,N
53374064,202302,M,30대,강원도,700만원 이상,오프라인,N,N,N,N,N,N
53374103,202302,F,50대,전라북도,300이상500만원 미만,오프라인,N,N,N,N,N,N
53374184,202302,M,50대,강원도,500이상700만원 미만,오프라인,Y,N,N,N,N,N
53374205,202302,M,60대 이상,경상북도,300이상500만원 미만,오프라인,N,N,N,N,N,N
53374226,202302,F,20대,전라남도,700만원 이상,오프라인,N,N,N,N,N,N
53374322,202302,M,30대,대전광역시,500이상700만원 미만,오프라인,N,N,N,N,N,N
53374423,202302,M,60대 이상,부산광역시,700만원 이상,온라인,N,N,N,N,N,N
53374445,202302,F,40대,제주특별자치도,500이상700만원 미만,온라인,N,N,N,N,N,N
53374508,202302,M,30대,부산광역시,무응답,온라인,Y,N,N,N,N,N
53374591,202302,F,60대 이상,강원도,700만원 이상,온라인,N,N,N,N,N,N
53374595,202302,F,60대 이상,경상북도,500이상700만원 미만,온라인,N,N,N,N,N,N
53374817,202302,M,20대,충청남도,700만원 이상,온라인,N,N,N,N,N,N
53374831,202302,M,50대,충청남도,500이상700만원 미만,온라인,Y,N,N,N,N,N
53374874,202302,F,20대,제주특별자치도,300이상500만원 미만,오프라인,N,N,N,N,N,Y
53375041,202302,M,50대,경기도,무응답,오프라인,N,Y,N,N,N,N
53375066,202302,F,40대,부산광역시,300만원 미만,온라인,Y,N,N,N,N,N
53375083,202302,F,50대,부산광역시,500이상700만원 미만,온라인,Y,N,N,N,Y,Y
53375088,202302,F,20대,부산광역시,무응답,오프라인,N,N,N,N,N,N
53375148,202302,M,40대,충청남도,500이상700만원 미만,온라인,Y,N,N,Y,N,Y
53375185,202302,F,30대,강원도,300만원 미만,온라인,N,N,N,N,N,N
53375245,202302,F,20대,전라북도,무응답,온라인,N,N,N,Y,Y,Y
53375371,202302,M,50대,부산광역시,300이상500만원 미만,온라인,Y,N,N,N,Y,N
53375531,202302,M,40대,부산광역시,700만원 이상,온라인,N,N,N,N,N,N
53375592,202302,M,30대,제주특별자치도,700만원 이상,오프라인,N,N,N,N,N,Y
53375641,202302,M,50대,부산광역시,500이상700만원 미만,오프라인,N,N,N,N,N,N
53375696,202302,F,50대,강원도,무응답,오프라인,Y,N,N,N,N,N
53375726,202302,F,30대,강원도,700만원 이상,온라인,N,N,N,N,N,N
53375727,202302,M,50대,서울특별시,700만원 이상,온라인,N,N,N,N,N,N
53375730,202302,F,60대 이상,부산광역시,300만원 미만,오프라인,N,N,N,N,N,N
53375742,202302,M,50대,대구광역시,500이상700만원 미만,온라인,N,N,N,N,N,N
53375770,202302,M,50대,세종특별자치시,300만원 미만,오프라인,N,N,N,N,N,N
53376119,202302,F,50대,부산광역시,300만원 미만,온라인,N,N,N,N,N,N
53376160,202302,F,40대,세종특별자치시,300이상500만원 미만,오프라인,N,N,N,N,N,N
53376218,202302,F,60대 이상,강원도,500이상700만원 미만,온라인,N,Y,N,N,N,N
53376332,202302,M,40대,경상남도,700만원 이상,오프라인,N,N,N,N,N,N
53376427,202302,F,50대,부산광역시,500이상700만원 미만,오프라인,N,N,N,N,N,N
53376466,202302,M,20대,부산광역시,무응답,온라인,Y,Y,N,N,N,N
53376517,202302,M,40대,부산광역시,500이상700만원 미만,오프라인,N,N,N,N,N,N
53376634,202302,F,40대,울산광역시,300만원 미만,온라인,N,N,N,N,Y,N
53376669,202302,F,60대 이상,부산광역시,300만원 미만,오프라인,N,N,N,N,N,N
53376706,202302,F,20대,부산광역시,무응답,오프라인,N,N,N,N,N,N
53376743,202302,F,50대,경상북도,300이상500만원 미만,오프라인,N,N,N,N,N,N
53376781,202302,F,50대,강원도,300이상500만원 미만,오프라인,N,N,N,N,N,N
53376793,202302,F,60대 이상,강원도,300이상500만원 미만,온라인,N,N,N,N,N,N
53376856,202302,M,60대 이상,부산광역시,500이상700만원 미만,오프라인,N,N,N,N,N,N
53376879,202302,M,60대 이상,강원도,300만원 미만,온라인,N,N,N,N,N,N
53376932,202302,M,40대,강원도,500이상700만원 미만,오프라인,N,N,N,N,N,N
53376933,202302,M,50대,강원도,300이상500만원 미만,온라인,N,N,N,N,N,N
53376946,202302,M,40대,강원도,500이상700만원 미만,오프라인,N,N,N,N,N,N
53377120,202302,M,30대,강원도,무응답,온라인,N,N,N,N,N,N
53377238,202302,M,20대,대구광역시,300만원 미만,온라인,N,N,N,Y,Y,N
53377283,202302,F,50대,세종특별자치시,300만원 미만,온라인,N,N,N,N,N,N
53377397,202302,F,50대,강원도,300만원 미만,오프라인,N,N,N,N,N,N
53377405,202302,F,40대,제주특별자치도,무응답,오프라인,N,N,N,N,N,N
53377433,202302,F,50대,경기도,700만원 이상,오프라인,N,Y,N,N,N,N
137101,202302,M,20대,강원도,무응답,온라인,N,N,Y,N,Y,Y
183519,202302,M,20대,강원도,300만원 미만,온라인,N,N,N,N,N,N
197195,202302,M,20대,강원도,700만원 이상,온라인,N,N,N,N,N,N
197310,202302,M,20대,경상북도,500이상700만원 미만,오프라인,N,N,N,N,N,N
221903,202302,M,20대,강원도,300만원 미만,온라인,N,N,N,N,N,N
238721,202302,M,20대,세종특별자치시,300만원 미만,온라인,N,N,N,N,N,N
250294,202302,M,20대,부산광역시,무응답,오프라인,N,N,N,N,N,N
273567,202302,M,20대,강원도,700만원 이상,온라인,N,N,N,N,N,N
317937,202302,M,20대,부산광역시,300이상500만원 미만,오프라인,N,N,N,N,N,N
336313,202302,M,20대,서울특별시,무응답,온라인,N,N,Y,N,N,N
344318,202302,M,20대,충청남도,700만원 이상,온라인,N,N,N,N,N,N
359820,202302,M,20대,부산광역시,500이상700만원 미만,온라인,N,N,N,N,N,N
366365,202302,M,20대,부산광역시,700만원 이상,온라인,N,Y,N,Y,Y,N
366668,202302,M,20대,강원도,300이상500만원 미만,오프라인,N,N,N,N,N,N
366717,202302,M,20대,제주특별자치도,300만원 미만,온라인,N,N,N,N,N,N
367251,202302,M,20대,대구광역시,무응답,온라인,N,N,Y,N,N,N
375248,202302,M,20대,제주특별자치도,무응답,오프라인,N,N,Y,N,N,N
381752,202302,M,20대,부산광역시,무응답,온라인,N,N,N,N,N,N
384919,202302,M,20대,강원도,300만원 미만,오프라인,N,N,N,N,N,N
393086,202302,M,20대,부산광역시,300이상500만원 미만,오프라인,N,N,N,N,N,N
393855,202302,M,20대,경상북도,700만원 이상,오프라인,N,N,N,N,N,N
394182,202302,M,20대,강원도,700만원 이상,온라인,N,N,N,N,N,N
410433,202302,M,20대,강원도,700만원 이상,온라인,Y,N,N,Y,N,Y
412025,202302,M,20대,강원도,300이상500만원 미만,온라인,N,N,N,N,N,N
417866,202302,M,20대,경상북도,300만원 미만,오프라인,Y,Y,Y,N,N,N
421388,202302,M,20대,광주광역시,무응답,오프라인,N,N,N,N,N,N
421502,202302,M,20대,경기도,300만원 미만,오프라인,N,N,N,N,N,N
423995,202302,M,20대,전라북도,300만원 미만,온라인,N,N,N,N,N,N
424048,202302,M,20대,강원도,300만원 미만,오프라인,N,N,N,N,N,N
424664,202302,M,20대,강원도,700만원 이상,오프라인,N,N,N,N,N,N
425048,202302,M,20대,부산광역시,300만원 미만,온라인,N,N,N,N,N,N
425208,202302,M,20대,부산광역시,300이상500만원 미만,오프라인,N,N,N,N,N,N
425636,202302,M,20대,대전광역시,300이상500만원 미만,온라인,N,N,N,N,N,N
425777,202302,M,20대,강원도,무응답,오프라인,N,N,N,N,N,N
425996,202302,M,20대,부산광역시,무응답,오프라인,N,N,N,N,N,N
426032,202302,M,20대,강원도,300이상500만원 미만,오프라인,N,N,N,N,N,N
426443,202302,M,20대,제주특별자치도,300이상500만원 미만,오프라인,N,N,N,N,N,N
426622,202302,M,20대,경상북도,300만원 미만,온라인,N,N,N,N,N,N
426975,202302,M,20대,부산광역시,500이상700만원 미만,온라인,N,N,N,N,N,N
428033,202302,M,20대,충청남도,무응답,온라인,N,N,N,N,N,N
429156,202302,M,20대,경상남도,500이상700만원 미만,온라인,N,N,N,N,N,N
429484,202302,M,20대,강원도,500이상700만원 미만,오프라인,N,N,N,N,N,N
429738,202302,M,20대,대구광역시,무응답,온라인,N,N,N,N,N,N
429940,202302,M,20대,세종특별자치시,무응답,온라인,N,N,N,N,N,Y
430245,202302,M,20대,강원도,무응답,오프라인,N,N,N,N,N,N
430536,202302,M,20대,충청남도,700만원 이상,오프라인,N,N,N,N,N,N
432785,202302,M,20대,강원도,무응답,온라인,N,N,N,N,Y,N
437579,202302,M,20대,대구광역시,300만원 미만,온라인,N,N,N,N,N,Y
439493,202302,M,20대,전라남도,무응답,온라인,N,N,N,N,N,N
441078,202302,M,20대,울산광역시,300만원 미만,온라인,N,N,N,N,N,N
442177,202302,M,20대,전라남도,300만원 미만,오프라인,N,N,N,N,N,N
443623,202302,M,20대,인천광역시,500이상700만원 미만,온라인,N,N,N,N,N,N
444742,202302,M,20대,부산광역시,무응답,온라인,N,N,N,N,N,N
444789,202302,M,20대,강원도,300만원 미만,온라인,N,N,N,N,N,N
444895,202302,M,20대,서울특별시,무응답,오프라인,N,N,N,N,N,N
444929,202302,M,20대,세종특별자치시,300만원 미만,오프라인,N,N,N,N,N,N
445057,202302,M,20대,제주특별자치도,무응답,오프라인,N,N,N,N,N,N
445217,202302,M,20대,강원도,무응답,오프라인,N,N,N,N,N,N
445306,202302,M,20대,부산광역시,무응답,오프라인,N,N,N,N,N,N
445344,202302,M,20대,충청남도,무응답,온라인,N,N,N,N,N,N
445790,202302,M,20대,경상남도,300이상500만원 미만,오프라인,N,N,N,N,N,N
446182,202302,M,20대,부산광역시,700만원 이상,온라인,N,N,N,N,N,N
446476,202302,M,20대,광주광역시,300만원 미만,오프라인,N,N,N,N,N,N
446831,202302,M,20대,부산광역시,300만원 미만,온라인,N,N,N,N,N,N
447479,202302,M,20대,부산광역시,무응답,온라인,N,N,N,N,N,N
449338,202302,M,20대,강원도,300만원 미만,온라인,N,N,N,N,N,N
451261,202302,M,20대,강원도,무응답,오프라인,N,N,N,N,N,N
451452,202302,M,20대,강원도,300만원 미만,오프라인,N,N,N,N,N,N
451495,202302,M,20대,강원도,700만원 이상,오프라인,N,N,N,N,N,N
452639,202302,M,30대,강원도,300만원 미만,오프라인,N,N,N,N,N,N
452732,202302,M,20대,대구광역시,500이상700만원 미만,오프라인,N,N,N,N,N,N
53322175,202302,F,20대,강원도,500이상700만원 미만,오프라인,N,N,N,N,N,N
53322208,202302,M,30대,강원도,700만원 이상,온라인,Y,N,N,N,N,N
53322224,202302,F,40대,강원도,무응답,온라인,N,N,N,N,N,N
53322304,202302,F,60대 이상,강원도,500이상700만원 미만,오프라인,N,N,N,N,N,N
53322315,202302,F,20대,강원도,500이상700만원 미만,온라인,N,N,N,N,N,N
53322394,202302,F,50대,강원도,700만원 이상,오프라인,N,N,N,N,N,N
53322417,202302,F,50대,강원도,300이상500만원 미만,온라인,N,N,N,N,N,N
53322438,202302,M,60대 이상,강원도,300만원 미만,오프라인,Y,N,N,N,N,N
53322513,202302,M,30대,강원도,500이상700만원 미만,온라인,Y,N,N,N,Y,N
53322850,202302,F,30대,강원도,700만원 이상,오프라인,N,N,N,N,N,N
53322905,202302,M,50대,강원도,500이상700만원 미만,오프라인,N,N,N,N,N,N
53322936,202302,F,60대 이상,강원도,700만원 이상,오프라인,N,N,N,N,N,N
53322998,202302,F,30대,경상북도,300만원 미만,온라인,N,N,N,N,N,Y
53323076,202302,F,60대 이상,강원도,300만원 미만,온라인,N,N,N,N,N,N
53323078,202302,F,60대 이상,강원도,300이상500만원 미만,온라인,N,N,N,N,N,N
53323185,202302,F,20대,강원도,500이상700만원 미만,오프라인,N,N,N,N,N,N
53323194,202302,F,30대,강원도,300만원 미만,오프라인,N,N,N,N,N,N
53323301,202302,M,30대,강원도,700만원 이상,온라인,N,N,N,N,N,N
53323369,202302,M,50대,강원도,700만원 이상,온라인,Y,N,N,N,N,N
53323454,202302,M,20대,강원도,500이상700만원 미만,오프라인,N,N,N,N,N,N
53323510,202302,F,40대,강원도,500이상700만원 미만,온라인,N,N,N,N,N,N
53323614,202302,M,40대,강원도,700만원 이상,오프라인,N,N,N,N,N,N
53323616,202302,F,20대,강원도,무응답,오프라인,N,N,N,N,N,N
53323676,202302,F,40대,강원도,500이상700만원 미만,온라인,N,N,N,N,N,N
53323712,202302,M,60대 이상,강원도,300만원 미만,온라인,N,N,N,N,N,N
53323720,202302,F,50대,강원도,700만원 이상,온라인,Y,N,N,Y,N,N
53323752,202302,F,20대,강원도,무응답,온라인,Y,N,N,Y,Y,N
53323769,202302,M,50대,강원도,700만원 이상,오프라인,N,N,N,N,N,N
53323806,202302,M,60대 이상,강원도,700만원 이상,온라인,N,N,N,N,N,N
53323819,202302,M,40대,강원도,300만원 미만,오프라인,N,N,N,N,N,N
53323875,202302,F,20대,강원도,700만원 이상,온라인,N,N,N,N,N,N
53323952,202302,F,60대 이상,강원도,700만원 이상,온라인,N,N,N,N,N,N
53324010,202302,F,30대,강원도,300만원 미만,오프라인,N,N,N,N,N,N
53324019,202302,F,50대,강원도,700만원 이상,온라인,N,N,N,N,N,N
53324032,202302,F,30대,강원도,500이상700만원 미만,오프라인,N,N,N,N,N,N
53324042,202302,M,30대,강원도,500이상700만원 미만,온라인,N,N,N,N,N,N
53324117,202302,F,60대 이상,강원도,300만원 미만,오프라인,N,N,N,N,N,N
53324127,202302,M,40대,강원도,무응답,오프라인,N,N,N,N,N,N
53324141,202302,F,20대,강원도,300만원 미만,오프라인,N,N,N,N,N,N
53324287,202302,F,60대 이상,강원도,300만원 미만,온라인,N,N,N,N,N,N
53324296,202302,M,40대,강원도,700만원 이상,오프라인,N,N,N,N,N,N
53324359,202302,M,60대 이상,강원도,300만원 미만,오프라인,N,N,N,N,N,N
53324409,202302,F,30대,강원도,700만원 이상,온라인,N,N,N,N,N,N
53324427,202302,F,30대,강원도,700만원 이상,온라인,N,N,N,N,N,N
53324445,202302,F,40대,강원도,무응답,오프라인,N,N,N,N,N,N
53324489,202302,M,30대,경상북도,500이상700만원 미만,오프라인,N,N,N,N,N,N
53324588,202302,F,40대,강원도,500이상700만원 미만,온라인,N,N,N,N,N,N
53324645,202302,M,40대,강원도,500이상700만원 미만,오프라인,N,N,N,N,N,N
53324655,202302,F,30대,강원도,500이상700만원 미만,온라인,N,N,N,N,N,N
53324738,202302,F,40대,강원도,무응답,온라인,N,N,N,N,N,N
53324786,202302,F,60대 이상,강원도,700만원 이상,오프라인,N,N,N,N,N,N
53324806,202302,F,20대,강원도,500이상700만원 미만,온라인,Y,Y,N,N,N,N
53324809,202302,M,50대,강원도,500이상700만원 미만,온라인,N,N,N,N,N,N
53324871,202302,F,40대,강원도,500이상700만원 미만,오프라인,N,N,N,N,N,N
53324878,202302,F,50대,강원도,700만원 이상,온라인,N,N,N,N,N,N
53325009,202302,M,60대 이상,강원도,700만원 이상,온라인,N,N,N,N,N,N
53325105,202302,F,50대,강원도,300이상500만원 미만,오프라인,N,N,N,N,N,N
53325107,202302,F,60대 이상,강원도,500이상700만원 미만,오프라인,N,N,N,N,N,N
53325147,202302,F,60대 이상,강원도,무응답,오프라인,N,N,N,N,N,N
53325159,202302,M,60대 이상,울산광역시,300이상500만원 미만,온라인,N,N,N,N,N,N
53325659,202302,M,40대,강원도,300만원 미만,온라인,N,N,N,N,N,N
53325709,202302,F,40대,부산광역시,300이상500만원 미만,온라인,N,N,N,N,N,N
53325718,202302,M,60대 이상,강원도,300만원 미만,온라인,N,N,N,N,N,N
53325803,202302,F,40대,부산광역시,500이상700만원 미만,오프라인,N,N,N,N,N,N
53325806,202302,F,40대,대전광역시,500이상700만원 미만,온라인,N,N,N,N,N,Y
53325882,202302,M,40대,부산광역시,500이상700만원 미만,오프라인,N,N,N,N,N,N
53325912,202302,F,40대,제주특별자치도,무응답,오프라인,N,N,N,N,N,N
53325989,202302,M,40대,전라남도,300이상500만원 미만,오프라인,N,N,N,N,N,N
53326016,202302,M,30대,충청남도,300만원 미만,온라인,N,N,N,N,N,N
53326040,202302,M,30대,강원도,300만원 미만,온라인,N,N,N,N,N,N
53326048,202302,F,40대,전라남도,700만원 이상,오프라인,N,N,N,N,N,N
53326095,202302,F,40대,강원도,700만원 이상,오프라인,N,N,N,N,N,N
53326148,202302,M,50대,강원도,300이상500만원 미만,온라인,N,N,N,N,N,N
53326150,202302,F,30대,경상북도,700만원 이상,온라인,Y,N,N,N,N,Y
53326438,202302,M,60대 이상,경기도,300만원 미만,오프라인,N,N,N,N,N,N
53326483,202302,M,60대 이상,충청북도,300만원 미만,오프라인,N,N,N,N,N,N
53326496,202302,F,20대,경기도,무응답,오프라인,N,N,N,N,N,N
53326524,202302,M,50대,경기도,700만원 이상,오프라인,N,N,N,N,N,N
53326544,202302,F,40대,부산광역시,500이상700만원 미만,오프라인,N,N,N,N,N,N
53326552,202302,F,40대,울산광역시,700만원 이상,온라인,N,N,N,N,N,N
53326596,202302,M,30대,부산광역시,700만원 이상,오프라인,N,N,N,N,N,N
53326714,202302,F,40대,충청남도,무응답,오프라인,N,N,N,N,N,N
53326738,202302,M,60대 이상,강원도,500이상700만원 미만,온라인,N,N,N,N,N,N
53326805,202302,M,50대,부산광역시,700만원 이상,오프라인,N,N,N,N,N,N
53326814,202302,M,20대,울산광역시,무응답,오프라인,N,N,N,N,N,N
53326884,202302,M,30대,충청북도,300만원 미만,오프라인,N,N,N,N,N,N
53326922,202302,M,20대,대전광역시,무응답,온라인,N,N,Y,N,N,N
53326942,202302,F,50대,경상북도,500이상700만원 미만,온라인,N,N,N,N,N,N
53327080,202302,M,20대,부산광역시,무응답,온라인,N,N,N,N,N,N
53327142,202302,M,30대,부산광역시,700만원 이상,온라인,N,N,N,N,N,N
53327236,202302,M,60대 이상,부산광역시,700만원 이상,오프라인,N,N,N,N,N,N
53327266,202302,F,60대 이상,제주특별자치도,300만원 미만,오프라인,N,N,N,N,N,N
53327272,202302,M,40대,경기도,500이상700만원 미만,온라인,Y,N,N,N,N,N
53327291,202302,F,50대,부산광역시,700만원 이상,오프라인,Y,N,N,N,N,N
53327406,202302,M,60대 이상,제주특별자치도,300만원 미만,온라인,N,N,N,N,N,N
53327478,202302,M,30대,강원도,700만원 이상,오프라인,N,N,N,N,N,N
53327560,202302,F,30대,부산광역시,300만원 미만,온라인,N,N,N,N,N,N
53327629,202302,F,60대 이상,울산광역시,무응답,오프라인,N,N,N,N,N,N
53327675,202302,F,20대,강원도,무응답,오프라인,N,N,N,N,N,N
53327729,202302,M,50대,경기도,300만원 미만,온라인,N,N,N,N,N,N
53327786,202302,F,40대,강원도,500이상700만원 미만,오프라인,N,N,N,N,N,N
53327792,202302,M,50대,경상북도,500이상700만원 미만,오프라인,N,N,N,N,N,N
53327853,202302,M,50대,제주특별자치도,500이상700만원 미만,오프라인,N,N,N,N,N,N
53327873,202302,F,50대,경기도,500이상700만원 미만,오프라인,N,N,N,N,N,N
53327888,202302,F,50대,충청남도,300만원 미만,오프라인,N,N,N,N,N,N
53328041,202302,F,50대,부산광역시,700만원 이상,오프라인,N,N,N,N,N,N
53328055,202302,F,60대 이상,서울특별시,700만원 이상,오프라인,N,N,N,N,N,N
53328067,202302,F,50대,경상북도,300만원 미만,오프라인,N,N,N,N,N,N
53328163,202302,F,20대,부산광역시,무응답,오프라인,N,N,N,N,N,N
53328249,202302,F,20대,광주광역시,300만원 미만,오프라인,N,N,N,N,N,N
53328253,202302,F,30대,광주광역시,500이상700만원 미만,오프라인,N,N,N,N,N,N
53328334,202302,F,30대,전라북도,700만원 이상,온라인,N,N,N,N,N,N
53328352,202302,F,20대,제주특별자치도,300만원 미만,온라인,N,N,N,N,N,N
53328354,202302,F,40대,세종특별자치시,300이상500만원 미만,온라인,Y,N,Y,N,N,N
53328375,202302,F,40대,강원도,무응답,오프라인,N,N,N,N,N,N
53328393,202302,F,30대,강원도,700만원 이상,오프라인,N,N,N,N,N,N
53328545,202302,M,40대,부산광역시,300만원 미만,온라인,N,N,N,N,N,N
53328616,202302,M,30대,강원도,700만원 이상,오프라인,N,N,N,N,N,N
53328617,202302,M,30대,강원도,300만원 미만,온라인,Y,N,N,N,N,N
53328690,202302,M,30대,부산광역시,무응답,오프라인,N,N,N,N,N,N
53328732,202302,M,50대,부산광역시,700만원 이상,오프라인,Y,Y,N,N,N,N
53328896,202302,F,20대,광주광역시,무응답,온라인,N,N,N,N,N,N
53328902,202302,M,40대,부산광역시,무응답,오프라인,N,N,N,N,N,N
53328914,202302,M,50대,강원도,300만원 미만,오프라인,N,N,N,N,N,N
53328991,202302,M,40대,충청남도,300이상500만원 미만,오프라인,N,N,N,N,N,N
53329080,202302,M,50대,경상남도,300이상500만원 미만,온라인,N,N,N,N,N,N
53329095,202302,F,30대,전라남도,300이상500만원 미만,온라인,N,N,N,N,N,N
53329188,202302,F,40대,경상남도,500이상700만원 미만,온라인,N,N,Y,N,N,N
53329311,202302,F,40대,대전광역시,300이상500만원 미만,온라인,N,N,N,N,N,N
53329366,202302,F,60대 이상,충청남도,300이상500만원 미만,온라인,N,N,N,N,N,N
53329439,202302,M,40대,부산광역시,무응답,온라인,N,N,N,N,N,N
53329479,202302,F,30대,부산광역시,700만원 이상,온라인,N,N,N,N,N,N
53329517,202302,M,40대,광주광역시,300만원 미만,오프라인,N,N,N,N,N,N
53329559,202302,F,40대,경기도,300만원 미만,오프라인,N,N,N,N,N,N
53329560,202302,F,50대,부산광역시,300만원 미만,온라인,N,N,N,N,N,N
53329562,202302,F,60대 이상,경상북도,300만원 미만,온라인,N,N,N,N,N,N
53329688,202302,F,50대,대구광역시,300이상500만원 미만,온라인,N,N,N,N,N,N
53330109,202302,M,30대,부산광역시,300만원 미만,온라인,N,N,N,N,N,N
53330126,202302,F,30대,경기도,700만원 이상,온라인,N,N,N,N,N,N
53330250,202302,F,20대,부산광역시,무응답,온라인,N,N,N,N,N,N
53330272,202302,M,60대 이상,경상북도,700만원 이상,오프라인,N,N,N,N,N,N
53330294,202302,F,30대,부산광역시,300만원 미만,온라인,N,N,N,N,N,N
53330349,202302,M,40대,강원도,300만원 미만,오프라인,N,N,N,N,N,N
53330351,202302,F,20대,서울특별시,무응답,오프라인,N,N,N,N,N,N
53330387,202302,M,30대,인천광역시,500이상700만원 미만,온라인,N,N,N,N,N,N
53330388,202302,F,20대,대구광역시,300만원 미만,오프라인,N,N,N,N,N,N
53330405,202302,M,30대,경기도,700만원 이상,온라인,N,N,N,N,N,N
53330424,202302,F,40대,부산광역시,700만원 이상,온라인,N,Y,N,Y,N,N
53330461,202302,M,50대,경상북도,300이상500만원 미만,온라인,N,N,N,N,N,N
53330596,202302,F,50대,부산광역시,700만원 이상,오프라인,N,N,N,N,N,N
53330628,202302,F,30대,부산광역시,700만원 이상,온라인,N,Y,N,Y,N,Y
53330697,202302,F,20대,대전광역시,무응답,오프라인,N,N,N,N,N,N
53330730,202302,F,40대,서울특별시,무응답,오프라인,N,N,N,N,N,N
53330768,202302,M,60대 이상,전라북도,300이상500만원 미만,오프라인,N,N,N,N,N,N
53330803,202302,M,30대,인천광역시,300만원 미만,오프라인,N,N,N,N,N,N
53330838,202302,F,40대,전라남도,700만원 이상,오프라인,N,N,N,N,N,N
53330919,202302,M,30대,강원도,500이상700만원 미만,온라인,N,N,N,N,N,N
53330931,202302,M,40대,경상북도,300만원 미만,온라인,N,N,N,N,N,N
53330940,202302,F,60대 이상,서울특별시,700만원 이상,온라인,Y,Y,N,N,Y,N
53330957,202302,M,20대,세종특별자치시,700만원 이상,오프라인,N,N,N,N,N,N
53330965,202302,F,60대 이상,부산광역시,300만원 미만,온라인,N,N,N,N,N,N
53331072,202302,M,30대,부산광역시,무응답,온라인,N,N,N,N,N,N
53331137,202302,M,50대,강원도,300이상500만원 미만,온라인,N,N,N,N,N,N
53331204,202302,F,60대 이상,강원도,500이상700만원 미만,오프라인,N,N,N,N,N,N
53331224,202302,F,50대,대구광역시,300만원 미만,온라인,N,N,N,N,N,N
53331269,202302,F,20대,대구광역시,무응답,온라인,N,N,N,N,N,N
53331381,202302,F,20대,대구광역시,무응답,오프라인,N,N,N,N,N,N
53331388,202302,M,30대,부산광역시,700만원 이상,오프라인,N,N,N,N,N,N
53331404,202302,M,30대,부산광역시,300만원 미만,온라인,N,N,N,N,N,N
53331440,202302,M,50대,부산광역시,700만원 이상,온라인,N,N,N,N,N,N
53331519,202302,F,30대,부산광역시,무응답,오프라인,N,N,N,N,N,N
53331595,202302,F,40대,광주광역시,300만원 미만,오프라인,N,N,N,N,N,N
53331680,202302,M,30대,부산광역시,500이상700만원 미만,오프라인,N,N,N,N,N,N
53331744,202302,F,50대,부산광역시,700만원 이상,온라인,N,N,N,N,N,N
53331759,202302,F,60대 이상,서울특별시,무응답,오프라인,N,N,N,N,N,N
53331806,202302,F,40대,경기도,무응답,오프라인,Y,N,N,N,N,N
53331939,202302,F,20대,경기도,300이상500만원 미만,오프라인,N,N,N,N,N,N
53332052,202302,M,40대,충청북도,500이상700만원 미만,오프라인,N,N,N,N,N,N
53332073,202302,M,40대,강원도,700만원 이상,오프라인,N,N,N,N,N,N
53332151,202302,M,40대,강원도,700만원 이상,오프라인,N,N,N,N,N,N
53332214,202302,M,30대,세종특별자치시,300만원 미만,오프라인,N,N,N,N,N,N
53332313,202302,M,30대,제주특별자치도,무응답,온라인,N,N,N,N,N,N
53332314,202302,M,50대,부산광역시,700만원 이상,온라인,N,N,N,N,N,N
53332392,202302,F,50대,대구광역시,700만원 이상,오프라인,N,N,N,N,N,N
53332443,202302,F,20대,강원도,300만원 미만,온라인,N,N,N,N,N,N
53332515,202302,M,50대,부산광역시,700만원 이상,온라인,N,N,N,N,N,N
53332537,202302,F,40대,강원도,500이상700만원 미만,온라인,N,N,N,N,N,N
53332670,202302,F,50대,강원도,300이상500만원 미만,오프라인,N,N,N,N,N,N
53332688,202302,F,60대 이상,강원도,300만원 미만,온라인,N,N,N,N,N,N
53332757,202302,M,50대,세종특별자치시,700만원 이상,오프라인,N,N,N,N,N,N
53332803,202302,M,30대,부산광역시,700만원 이상,오프라인,N,N,N,N,N,N
53332805,202302,M,30대,광주광역시,500이상700만원 미만,오프라인,N,N,N,N,N,N
53332812,202302,M,30대,부산광역시,500이상700만원 미만,온라인,N,N,N,N,N,N
53332829,202302,F,30대,대구광역시,300만원 미만,온라인,N,N,N,N,N,N
53332994,202302,M,50대,경상북도,300이상500만원 미만,오프라인,N,N,N,N,N,N
53333391,202302,F,60대 이상,인천광역시,300이상500만원 미만,오프라인,N,N,N,N,N,N
53333399,202302,F,30대,광주광역시,300이상500만원 미만,온라인,N,N,N,N,N,N
53333457,202302,M,40대,세종특별자치시,300만원 미만,오프라인,N,N,N,N,N,N
53333613,202302,M,20대,강원도,300이상500만원 미만,오프라인,N,N,N,N,N,N
53333654,202302,M,30대,전라남도,300만원 미만,온라인,N,N,N,N,N,N
53333674,202302,F,30대,강원도,700만원 이상,오프라인,N,N,N,N,N,N
53333769,202302,F,50대,충청남도,500이상700만원 미만,오프라인,N,N,N,N,N,N
53333811,202302,F,40대,충청남도,500이상700만원 미만,오프라인,N,N,N,N,N,N
53333834,202302,F,20대,강원도,무응답,오프라인,Y,Y,N,N,N,N
53333902,202302,M,20대,서울특별시,무응답,오프라인,N,N,N,N,N,N
53333951,202302,F,40대,경상북도,500이상700만원 미만,오프라인,N,N,N,N,N,N
53333991,202302,M,40대,부산광역시,300만원 미만,오프라인,N,N,N,N,N,N
53334096,202302,M,40대,전라북도,300이상500만원 미만,오프라인,N,N,N,N,N,N
53334151,202302,M,40대,부산광역시,300만원 미만,오프라인,N,N,N,N,N,N
53334156,202302,M,20대,강원도,무응답,온라인,N,N,N,N,N,N
53334310,202302,F,50대,경기도,500이상700만원 미만,오프라인,N,Y,N,N,N,N
53334375,202302,F,30대,강원도,500이상700만원 미만,오프라인,N,Y,N,N,N,N
53334386,202302,M,50대,경상북도,300만원 미만,오프라인,N,N,N,N,N,N
53334451,202302,F,50대,강원도,700만원 이상,오프라인,N,N,N,N,N,N
53334453,202302,M,40대,강원도,300만원 미만,온라인,N,N,N,N,N,N
53334490,202302,F,30대,부산광역시,500이상700만원 미만,온라인,N,N,N,N,N,N
53334510,202302,M,50대,경상북도,700만원 이상,온라인,N,N,N,N,N,N
53334554,202302,F,50대,대구광역시,300이상500만원 미만,오프라인,N,N,N,N,N,N
53334594,202302,F,40대,경기도,500이상700만원 미만,온라인,Y,N,N,N,N,N
53334616,202302,M,40대,강원도,700만원 이상,온라인,N,N,N,N,N,N
53334682,202302,F,20대,강원도,300만원 미만,온라인,N,N,N,N,N,N
53334775,202302,F,40대,강원도,700만원 이상,온라인,N,N,N,N,N,N
53334786,202302,F,40대,전라남도,300이상500만원 미만,오프라인,N,N,N,N,N,N
53334857,202302,F,40대,대구광역시,700만원 이상,오프라인,N,N,N,N,N,N
53334878,202302,M,20대,경기도,무응답,오프라인,N,N,N,N,N,N
53334880,202302,F,30대,세종특별자치시,700만원 이상,오프라인,N,N,N,N,N,N
53334895,202302,M,40대,충청남도,무응답,오프라인,N,N,N,N,N,N
53334926,202302,M,40대,경기도,700만원 이상,온라인,N,N,N,N,N,N
53335056,202302,M,30대,대전광역시,500이상700만원 미만,온라인,N,N,N,N,N,N
53335086,202302,M,30대,부산광역시,300이상500만원 미만,오프라인,N,N,N,N,N,N
53335148,202302,F,50대,경상남도,무응답,오프라인,N,N,N,N,N,N
53335235,202302,M,30대,경상남도,300만원 미만,온라인,N,N,N,N,Y,N
53335383,202302,M,60대 이상,울산광역시,300만원 미만,온라인,N,N,N,N,N,N
53335533,202302,M,30대,강원도,300이상500만원 미만,온라인,N,N,N,N,N,N
53335609,202302,F,30대,강원도,700만원 이상,오프라인,N,N,N,N,N,N
53335648,202302,M,30대,부산광역시,300만원 미만,온라인,N,N,Y,N,N,N
53335683,202302,F,40대,강원도,300이상500만원 미만,온라인,N,N,N,N,N,N
53335735,202302,F,60대 이상,광주광역시,500이상700만원 미만,온라인,N,N,N,N,N,N
53335761,202302,F,30대,충청북도,무응답,오프라인,N,N,N,N,N,N
53335915,202302,M,30대,강원도,500이상700만원 미만,온라인,N,N,N,N,N,N
53336092,202302,M,40대,제주특별자치도,300만원 미만,온라인,N,N,N,N,N,N
53336168,202302,F,30대,세종특별자치시,500이상700만원 미만,온라인,N,N,N,N,N,N
53336229,202302,M,40대,울산광역시,300만원 미만,온라인,N,N,N,N,N,N
53336253,202302,M,50대,부산광역시,700만원 이상,오프라인,N,N,N,N,N,N
53336277,202302,F,50대,제주특별자치도,300이상500만원 미만,온라인,N,N,N,N,N,N
53336364,202302,M,30대,충청남도,500이상700만원 미만,오프라인,N,N,N,N,N,N
53336374,202302,F,20대,대구광역시,300만원 미만,온라인,N,N,N,N,N,N
53336382,202302,F,60대 이상,경상북도,500이상700만원 미만,오프라인,N,N,N,N,N,N
53336385,202302,M,50대,강원도,500이상700만원 미만,온라인,Y,N,N,N,N,N
53336409,202302,M,60대 이상,부산광역시,300만원 미만,온라인,N,N,N,N,N,N
53336473,202302,F,50대,부산광역시,700만원 이상,오프라인,N,N,N,N,N,N
53336501,202302,M,30대,경상북도,무응답,오프라인,N,N,N,N,N,N
53336560,202302,M,30대,세종특별자치시,500이상700만원 미만,오프라인,N,N,N,N,N,N
53336687,202302,F,30대,부산광역시,무응답,온라인,Y,Y,N,Y,Y,Y
53336782,202302,M,40대,강원도,300만원 미만,오프라인,N,N,N,N,N,N
53336832,202302,M,30대,경상남도,500이상700만원 미만,온라인,N,N,N,N,N,N
53336955,202302,F,40대,부산광역시,300이상500만원 미만,온라인,N,N,N,N,N,N
53336962,202302,M,50대,강원도,300만원 미만,오프라인,N,N,N,N,N,N
53336970,202302,M,30대,경기도,300이상500만원 미만,온라인,N,N,N,N,N,N
53337024,202302,F,50대,세종특별자치시,무응답,온라인,Y,N,N,N,N,N
53337077,202302,M,40대,경기도,700만원 이상,온라인,N,N,N,N,N,N
53337090,202302,M,40대,부산광역시,무응답,온라인,N,N,N,N,N,N
53337194,202302,F,60대 이상,강원도,700만원 이상,온라인,N,N,N,N,N,N
53337328,202302,F,60대 이상,대전광역시,500이상700만원 미만,온라인,Y,N,N,N,N,N
53337383,202302,M,60대 이상,강원도,500이상700만원 미만,오프라인,N,N,N,N,N,N
53337412,202302,F,40대,경상북도,500이상700만원 미만,오프라인,N,N,N,N,N,N
53337460,202302,M,50대,강원도,300만원 미만,온라인,N,N,N,N,N,N
53337474,202302,F,50대,충청북도,무응답,오프라인,N,N,N,N,N,N
53337494,202302,F,20대,경기도,500이상700만원 미만,온라인,N,N,N,N,N,N
53337522,202302,M,30대,제주특별자치도,무응답,온라인,N,N,N,Y,Y,N
53337662,202302,M,50대,부산광역시,300만원 미만,오프라인,Y,N,N,N,N,N
53337689,202302,F,50대,전라남도,무응답,오프라인,N,N,N,N,N,N
53337697,202302,M,60대 이상,세종특별자치시,500이상700만원 미만,온라인,N,N,N,N,N,N
53337700,202302,F,30대,충청남도,500이상700만원 미만,오프라인,N,N,N,N,N,N
53337904,202302,M,60대 이상,세종특별자치시,300이상500만원 미만,온라인,N,N,N,N,N,N
53337989,202302,M,50대,부산광역시,300이상500만원 미만,온라인,N,N,N,N,N,N
53338032,202302,F,60대 이상,전라북도,300이상500만원 미만,온라인,Y,N,N,N,N,N
53338043,202302,F,50대,부산광역시,무응답,오프라인,N,N,N,N,N,N
53338050,202302,M,50대,경상북도,700만원 이상,오프라인,N,N,N,N,N,N
53338121,202302,M,60대 이상,광주광역시,무응답,오프라인,N,N,N,N,N,N
53338310,202302,M,50대,경상북도,700만원 이상,온라인,N,Y,N,N,N,N
53338391,202302,F,30대,전라남도,500이상700만원 미만,오프라인,N,N,N,N,N,N
53338396,202302,F,50대,울산광역시,300만원 미만,오프라인,N,N,N,N,N,N
53338428,202302,F,20대,충청남도,무응답,온라인,N,N,N,N,N,Y
53338554,202302,M,40대,부산광역시,700만원 이상,온라인,N,N,N,N,N,N
53338577,202302,M,30대,강원도,300만원 미만,오프라인,N,N,N,N,N,Y
53338644,202302,F,30대,강원도,무응답,오프라인,Y,N,N,N,N,N
53338694,202302,M,50대,부산광역시,300만원 미만,오프라인,N,N,N,N,N,N
53338706,202302,F,30대,강원도,500이상700만원 미만,오프라인,N,N,N,N,N,N
53338718,202302,M,30대,강원도,700만원 이상,온라인,N,N,N,N,N,N
53338801,202302,M,20대,강원도,700만원 이상,오프라인,N,N,N,N,N,N
53338823,202302,M,50대,대구광역시,300만원 미만,온라인,N,N,N,N,N,N
53339002,202302,F,30대,대전광역시,700만원 이상,오프라인,N,N,N,N,N,N
53339102,202302,F,30대,경상북도,무응답,오프라인,N,N,N,N,N,N
53339157,202302,F,40대,부산광역시,700만원 이상,온라인,N,N,N,N,N,N
53339213,202302,F,50대,강원도,500이상700만원 미만,온라인,N,N,N,N,N,N
53339236,202302,F,30대,전라남도,500이상700만원 미만,온라인,N,N,N,N,N,N
53339237,202302,M,50대,경기도,무응답,온라인,N,N,N,N,N,N
53339244,202302,F,40대,충청남도,무응답,온라인,N,N,N,N,N,N
53339281,202302,F,40대,강원도,500이상700만원 미만,온라인,N,N,N,N,N,N
53339347,202302,M,50대,부산광역시,무응답,온라인,N,N,N,N,N,N
53339437,202302,M,50대,강원도,700만원 이상,오프라인,N,N,N,N,N,N
53339483,202302,F,20대,부산광역시,300이상500만원 미만,오프라인,N,N,N,N,N,N
53339492,202302,F,30대,인천광역시,500이상700만원 미만,오프라인,N,N,N,N,N,N
53339510,202302,M,30대,서울특별시,700만원 이상,온라인,N,N,N,N,N,N
53339516,202302,M,60대 이상,충청남도,500이상700만원 미만,온라인,N,N,N,N,N,N
53339577,202302,F,40대,대구광역시,300이상500만원 미만,온라인,Y,N,N,N,N,N
53339603,202302,M,60대 이상,부산광역시,300이상500만원 미만,오프라인,N,N,N,N,N,N
53339817,202302,M,30대,강원도,500이상700만원 미만,온라인,N,N,N,N,N,N
53339883,202302,F,20대,부산광역시,300이상500만원 미만,온라인,N,N,N,N,Y,N
53339900,202302,F,50대,부산광역시,300만원 미만,온라인,N,N,N,N,N,N
53339956,202302,M,60대 이상,부산광역시,300이상500만원 미만,오프라인,N,N,N,N,N,N
53340011,202302,F,20대,울산광역시,500이상700만원 미만,오프라인,N,N,N,N,N,N
53340034,202302,F,30대,경상북도,700만원 이상,온라인,Y,N,N,Y,Y,N
53340226,202302,M,60대 이상,서울특별시,300이상500만원 미만,오프라인,N,N,N,N,N,N
53340262,202302,M,60대 이상,부산광역시,700만원 이상,온라인,N,N,N,N,N,N
53340304,202302,F,50대,부산광역시,무응답,온라인,N,N,N,N,N,N
53340321,202302,M,40대,울산광역시,무응답,온라인,N,N,N,N,N,N
53340367,202302,M,40대,부산광역시,무응답,온라인,N,N,N,N,N,N
53340414,202302,F,50대,대구광역시,500이상700만원 미만,온라인,N,N,N,N,N,N
53340430,202302,M,40대,경상북도,300만원 미만,오프라인,N,N,N,N,N,N
53340512,202302,M,40대,부산광역시,700만원 이상,온라인,N,N,N,N,N,N
53340536,202302,M,30대,부산광역시,700만원 이상,온라인,N,N,N,N,N,N
53340573,202302,F,30대,충청남도,300이상500만원 미만,온라인,N,N,N,N,N,N
53340634,202302,M,60대 이상,대구광역시,500이상700만원 미만,온라인,N,N,N,N,N,N
53340700,202302,M,60대 이상,강원도,700만원 이상,온라인,N,N,N,Y,N,N
53340702,202302,F,60대 이상,부산광역시,300만원 미만,오프라인,N,N,N,N,N,N
53340719,202302,F,60대 이상,전라북도,300만원 미만,온라인,N,N,N,N,N,N
53340724,202302,F,60대 이상,강원도,무응답,온라인,N,N,N,N,N,N
53340762,202302,F,50대,울산광역시,500이상700만원 미만,온라인,N,N,N,N,N,N
53340816,202302,M,40대,부산광역시,300만원 미만,온라인,N,N,N,N,N,N
53340906,202302,M,40대,부산광역시,500이상700만원 미만,오프라인,N,N,N,N,N,N
53340925,202302,F,60대 이상,강원도,300만원 미만,온라인,N,N,N,N,N,N
53340971,202302,M,30대,부산광역시,300만원 미만,오프라인,N,N,N,N,N,N
53341094,202302,F,20대,강원도,300만원 미만,온라인,N,N,N,N,N,N
53341097,202302,F,50대,강원도,700만원 이상,오프라인,N,N,N,N,N,N
53341126,202302,M,40대,경상북도,700만원 이상,온라인,N,N,N,N,N,N
53341303,202302,M,30대,세종특별자치시,500이상700만원 미만,온라인,N,N,N,N,N,N
53341366,202302,F,30대,강원도,300만원 미만,오프라인,N,N,N,N,N,N
53341387,202302,M,40대,충청남도,300이상500만원 미만,오프라인,N,N,N,N,N,N
53341420,202302,F,50대,강원도,500이상700만원 미만,오프라인,N,N,N,N,N,N
53341437,202302,M,60대 이상,강원도,500이상700만원 미만,오프라인,N,N,N,N,N,N
53341479,202302,F,30대,부산광역시,700만원 이상,오프라인,N,N,N,N,N,N
53341487,202302,M,60대 이상,강원도,700만원 이상,온라인,Y,Y,N,N,N,N
53341567,202302,F,60대 이상,부산광역시,300이상500만원 미만,온라인,N,N,N,N,N,N
53341600,202302,F,40대,충청남도,700만원 이상,온라인,Y,Y,N,Y,N,N
53341677,202302,M,30대,경기도,700만원 이상,오프라인,N,N,N,N,N,N
53341684,202302,M,50대,경기도,300만원 미만,오프라인,N,N,N,N,N,N
53341721,202302,F,50대,강원도,500이상700만원 미만,오프라인,N,N,N,N,N,N
53341858,202302,F,20대,경상남도,300만원 미만,온라인,N,N,N,N,N,N
53342074,202302,F,60대 이상,경기도,무응답,오프라인,N,N,N,N,N,N
53342085,202302,F,40대,부산광역시,700만원 이상,온라인,N,N,N,N,N,Y
53342088,202302,F,40대,부산광역시,700만원 이상,오프라인,N,N,N,N,N,N
53342095,202302,F,40대,강원도,700만원 이상,온라인,Y,Y,N,Y,N,N
53342098,202302,M,20대,강원도,300이상500만원 미만,오프라인,Y,N,N,N,N,Y
53342179,202302,F,60대 이상,인천광역시,300만원 미만,오프라인,N,N,N,N,N,N
53342247,202302,M,60대 이상,세종특별자치시,300이상500만원 미만,오프라인,N,N,N,N,N,N
53342293,202302,M,30대,부산광역시,300이상500만원 미만,오프라인,N,N,N,N,N,N
53342367,202302,F,30대,충청남도,무응답,온라인,N,N,N,N,N,N
53342377,202302,M,30대,울산광역시,300이상500만원 미만,오프라인,N,N,N,N,N,N
53342427,202302,F,40대,경기도,500이상700만원 미만,온라인,N,N,N,N,N,N
53342524,202302,M,40대,광주광역시,300만원 미만,온라인,N,N,N,N,N,N
53342557,202302,F,20대,전라북도,무응답,온라인,N,N,N,N,N,N
53342592,202302,F,20대,부산광역시,700만원 이상,온라인,N,N,N,Y,Y,Y
53342615,202302,M,60대 이상,대전광역시,500이상700만원 미만,온라인,N,N,N,N,N,N
53342671,202302,F,40대,세종특별자치시,700만원 이상,오프라인,N,N,N,N,N,N
53342686,202302,M,20대,부산광역시,무응답,온라인,N,N,N,N,N,N
53342712,202302,M,30대,대전광역시,700만원 이상,오프라인,N,N,N,N,N,N
53342735,202302,F,50대,전라남도,300만원 미만,온라인,N,N,N,N,N,N
53342850,202302,M,30대,부산광역시,300만원 미만,오프라인,N,N,N,N,N,N
53342870,202302,F,40대,부산광역시,700만원 이상,오프라인,N,N,N,N,N,N
53342899,202302,M,30대,경기도,300이상500만원 미만,오프라인,N,N,N,N,N,N
53342911,202302,M,50대,강원도,500이상700만원 미만,오프라인,N,N,N,N,N,N
53343045,202302,M,30대,부산광역시,300이상500만원 미만,온라인,N,N,N,N,N,N
53343084,202302,M,30대,세종특별자치시,300이상500만원 미만,오프라인,N,N,N,N,N,N
53343115,202302,F,30대,경상남도,무응답,오프라인,N,N,N,N,N,N
53343123,202302,F,40대,전라남도,700만원 이상,온라인,Y,N,Y,N,N,N
53343149,202302,M,20대,세종특별자치시,300만원 미만,오프라인,N,N,N,N,N,N
53343163,202302,F,30대,강원도,300이상500만원 미만,오프라인,N,N,N,N,N,N
53343349,202302,F,50대,전라남도,500이상700만원 미만,온라인,N,N,N,N,N,N
53343442,202302,M,40대,강원도,700만원 이상,오프라인,N,N,N,N,N,N
53343558,202302,M,40대,전라남도,300만원 미만,온라인,N,N,N,N,N,N
53343559,202302,M,30대,부산광역시,500이상700만원 미만,온라인,N,N,N,N,N,N
53343671,202302,M,50대,경상북도,700만원 이상,오프라인,N,N,N,N,N,N
53343729,202302,M,60대 이상,대전광역시,300이상500만원 미만,오프라인,N,N,N,N,N,N
53343836,202302,M,30대,강원도,300이상500만원 미만,온라인,N,N,N,N,N,N
53343883,202302,M,50대,전라남도,700만원 이상,온라인,N,N,N,N,N,N
53344011,202302,F,30대,충청남도,300이상500만원 미만,오프라인,N,N,N,N,N,N
53344212,202302,F,60대 이상,광주광역시,300만원 미만,온라인,N,N,N,N,N,N
53344223,202302,F,60대 이상,부산광역시,300만원 미만,온라인,N,N,N,N,N,N
53344289,202302,F,30대,부산광역시,300이상500만원 미만,온라인,Y,N,N,N,N,N
53344350,202302,F,40대,울산광역시,300이상500만원 미만,오프라인,N,N,N,N,N,N
53344398,202302,M,40대,대구광역시,무응답,오프라인,N,N,N,N,N,N
53344458,202302,M,30대,부산광역시,500이상700만원 미만,온라인,N,N,N,N,N,N
53344494,202302,F,40대,제주특별자치도,무응답,오프라인,N,N,N,N,N,N
53344499,202302,F,40대,경기도,700만원 이상,오프라인,N,N,N,N,N,N
53344524,202302,M,60대 이상,강원도,300이상500만원 미만,오프라인,N,N,N,N,N,N
53344589,202302,F,30대,울산광역시,500이상700만원 미만,온라인,N,N,N,N,N,N
53344634,202302,M,40대,인천광역시,300이상500만원 미만,온라인,Y,N,N,N,N,N
53344781,202302,F,50대,경상북도,700만원 이상,온라인,N,N,N,N,N,N
53344880,202302,F,40대,경상남도,500이상700만원 미만,온라인,Y,N,N,N,N,N
53344902,202302,M,40대,경기도,500이상700만원 미만,온라인,N,N,N,N,N,N
53344930,202302,F,20대,부산광역시,무응답,오프라인,N,N,N,N,N,N
53344932,202302,F,50대,세종특별자치시,300만원 미만,오프라인,N,N,N,N,N,N
53345056,202302,F,20대,강원도,700만원 이상,온라인,N,Y,N,Y,Y,N
53345095,202302,M,30대,부산광역시,700만원 이상,오프라인,N,N,N,N,N,N
53345185,202302,F,50대,대구광역시,700만원 이상,오프라인,N,N,N,N,N,N
53345229,202302,F,50대,부산광역시,무응답,오프라인,N,N,N,N,N,N
53345273,202302,M,40대,충청남도,300만원 미만,오프라인,N,N,N,N,N,N
53345292,202302,F,30대,경기도,700만원 이상,온라인,N,N,N,N,N,N
53345353,202302,F,30대,제주특별자치도,무응답,오프라인,N,N,N,N,N,N
53345432,202302,M,30대,부산광역시,300만원 미만,오프라인,N,N,N,N,N,N
53345814,202302,F,40대,경기도,300이상500만원 미만,온라인,N,N,N,N,N,N
53346037,202302,F,40대,충청남도,500이상700만원 미만,오프라인,N,N,N,N,N,N
53346046,202302,M,50대,강원도,500이상700만원 미만,오프라인,N,N,N,N,N,N
53346082,202302,M,20대,광주광역시,300만원 미만,온라인,N,N,N,N,N,N
53346100,202302,F,20대,세종특별자치시,500이상700만원 미만,온라인,N,N,N,N,N,N
53346209,202302,M,60대 이상,부산광역시,700만원 이상,오프라인,N,N,N,N,N,N
53346503,202302,M,30대,경상북도,300이상500만원 미만,오프라인,N,N,N,N,N,N
53346508,202302,M,60대 이상,대전광역시,300만원 미만,온라인,N,N,N,N,N,N
53346511,202302,F,60대 이상,부산광역시,300이상500만원 미만,오프라인,N,N,N,N,N,N
53346597,202302,M,50대,부산광역시,500이상700만원 미만,온라인,N,N,N,N,N,N
53346601,202302,F,40대,경상북도,300이상500만원 미만,온라인,Y,N,N,N,N,N
53346609,202302,F,60대 이상,부산광역시,500이상700만원 미만,온라인,N,N,N,Y,Y,N
53346622,202302,M,60대 이상,부산광역시,300만원 미만,온라인,N,N,N,N,N,N
53346625,202302,F,50대,광주광역시,300이상500만원 미만,오프라인,N,N,N,N,N,N
53346638,202302,F,50대,대구광역시,무응답,오프라인,N,N,N,N,N,N
53346789,202302,F,20대,충청남도,무응답,온라인,N,N,N,N,N,N
53346856,202302,F,40대,부산광역시,700만원 이상,온라인,N,N,N,N,N,N
53346871,202302,F,40대,울산광역시,700만원 이상,온라인,Y,N,N,N,N,N
53346911,202302,F,20대,인천광역시,무응답,온라인,N,N,N,N,N,N
53346922,202302,F,60대 이상,부산광역시,300이상500만원 미만,오프라인,N,N,N,N,N,N
53346928,202302,F,20대,충청북도,500이상700만원 미만,오프라인,N,N,N,N,N,N
53347012,202302,M,30대,제주특별자치도,500이상700만원 미만,온라인,N,N,N,N,N,N
53347065,202302,M,30대,서울특별시,300만원 미만,오프라인,N,N,N,N,N,N
53347120,202302,M,60대 이상,제주특별자치도,500이상700만원 미만,오프라인,N,N,N,N,N,N
53347284,202302,M,60대 이상,부산광역시,300만원 미만,오프라인,N,N,N,N,N,N
53347361,202302,M,60대 이상,전라남도,무응답,온라인,N,N,N,N,N,N
53347380,202302,F,60대 이상,부산광역시,300만원 미만,오프라인,N,N,N,N,N,N
53347385,202302,F,50대,강원도,300이상500만원 미만,오프라인,N,N,N,N,N,N
53347437,202302,F,30대,강원도,500이상700만원 미만,온라인,Y,N,N,N,N,N
53347537,202302,F,50대,대전광역시,500이상700만원 미만,온라인,N,N,N,N,N,N
53347540,202302,F,30대,울산광역시,무응답,온라인,Y,N,N,N,N,N
53347566,202302,M,40대,전라북도,300이상500만원 미만,오프라인,N,N,N,N,N,N
53347706,202302,F,60대 이상,강원도,500이상700만원 미만,온라인,Y,N,N,N,N,N
53347714,202302,F,30대,광주광역시,무응답,온라인,N,N,N,N,N,N
53347817,202302,M,60대 이상,경상북도,300만원 미만,오프라인,N,N,N,N,N,N
53347829,202302,F,50대,경기도,700만원 이상,오프라인,N,N,N,N,N,Y
53347956,202302,M,30대,강원도,300이상500만원 미만,온라인,N,N,N,N,N,N
53348046,202302,M,40대,대구광역시,300이상500만원 미만,온라인,N,N,N,N,N,N
53348103,202302,M,60대 이상,부산광역시,500이상700만원 미만,온라인,N,N,N,N,N,N
53348121,202302,F,30대,부산광역시,무응답,오프라인,N,N,N,N,N,N
53348127,202302,M,20대,대구광역시,300만원 미만,온라인,Y,Y,N,Y,N,Y
53348185,202302,F,50대,강원도,700만원 이상,오프라인,N,N,N,N,N,N
53348284,202302,M,30대,광주광역시,무응답,오프라인,N,N,N,N,N,N
53348392,202302,M,30대,충청남도,500이상700만원 미만,오프라인,N,N,N,N,N,N
53348422,202302,F,30대,광주광역시,300만원 미만,오프라인,N,N,N,N,N,N
53348426,202302,F,20대,강원도,300만원 미만,오프라인,N,N,N,N,N,N
53348443,202302,F,20대,강원도,300만원 미만,온라인,N,N,N,N,N,N
53348545,202302,F,60대 이상,광주광역시,300이상500만원 미만,온라인,N,N,N,N,N,N
53348603,202302,F,50대,부산광역시,700만원 이상,오프라인,N,N,N,N,N,N
53348683,202302,F,30대,광주광역시,500이상700만원 미만,오프라인,N,N,N,N,N,N
53348724,202302,F,30대,광주광역시,300이상500만원 미만,오프라인,N,N,N,N,N,N
53348732,202302,M,40대,강원도,300이상500만원 미만,온라인,N,N,N,N,N,N
53348744,202302,M,40대,부산광역시,500이상700만원 미만,오프라인,N,N,N,N,N,N
53348766,202302,F,30대,충청남도,무응답,온라인,N,N,N,N,N,N
53348783,202302,F,60대 이상,경상북도,300이상500만원 미만,온라인,N,N,N,N,N,N
53349001,202302,M,40대,강원도,700만원 이상,온라인,Y,N,N,N,N,N
53349036,202302,F,40대,강원도,300만원 미만,오프라인,N,N,N,N,N,N
53349083,202302,F,60대 이상,강원도,700만원 이상,온라인,N,N,N,N,N,N
53349092,202302,F,20대,광주광역시,700만원 이상,온라인,N,N,N,N,N,N
53349105,202302,M,50대,강원도,300만원 미만,오프라인,N,N,N,N,N,N
53349282,202302,F,40대,울산광역시,500이상700만원 미만,온라인,N,N,N,N,N,N
53349318,202302,F,50대,부산광역시,300이상500만원 미만,오프라인,N,N,N,N,N,N
53349335,202302,F,60대 이상,제주특별자치도,300이상500만원 미만,오프라인,N,N,N,N,N,N
53349384,202302,F,30대,부산광역시,700만원 이상,온라인,N,N,N,N,N,N
53349405,202302,F,40대,강원도,무응답,오프라인,N,N,N,N,N,N
53349444,202302,F,50대,대전광역시,300만원 미만,오프라인,N,N,N,N,N,N
53349481,202302,M,30대,강원도,300만원 미만,오프라인,N,N,N,N,N,N
53349491,202302,F,30대,광주광역시,무응답,오프라인,N,N,N,N,N,N
53349576,202302,M,40대,강원도,무응답,온라인,N,N,N,N,N,N
53349767,202302,F,30대,부산광역시,700만원 이상,오프라인,N,N,N,N,N,N
53349768,202302,F,30대,울산광역시,700만원 이상,오프라인,N,N,N,N,N,N
53349805,202302,F,20대,경기도,무응답,오프라인,Y,N,N,N,N,N
53349847,202302,M,50대,전라남도,300이상500만원 미만,오프라인,N,N,N,N,N,N
53349928,202302,F,20대,충청남도,300이상500만원 미만,오프라인,N,N,N,N,N,N
53349957,202302,M,50대,경기도,500이상700만원 미만,오프라인,N,N,N,N,N,N
53349966,202302,F,30대,광주광역시,300만원 미만,온라인,N,N,N,N,N,N
53349977,202302,F,50대,경상남도,500이상700만원 미만,온라인,N,Y,N,N,N,N
53350009,202302,M,40대,울산광역시,700만원 이상,온라인,N,N,N,N,N,N
53350337,202302,M,60대 이상,강원도,700만원 이상,오프라인,N,N,N,N,N,N
53350351,202302,M,50대,충청남도,300이상500만원 미만,오프라인,N,N,N,N,N,N
53350386,202302,M,50대,경상북도,700만원 이상,오프라인,N,N,N,N,N,N
53350468,202302,M,60대 이상,세종특별자치시,무응답,온라인,N,N,N,N,N,N
53350527,202302,M,40대,부산광역시,무응답,온라인,N,N,N,Y,N,N
53350881,202302,F,40대,세종특별자치시,500이상700만원 미만,오프라인,N,N,N,N,N,N
53350888,202302,M,50대,부산광역시,무응답,온라인,N,N,N,N,N,N
53350925,202302,M,50대,부산광역시,무응답,오프라인,N,N,N,N,N,N
53351134,202302,M,60대 이상,전라북도,무응답,오프라인,N,N,N,N,N,N
53351166,202302,M,20대,경기도,500이상700만원 미만,온라인,N,N,Y,N,Y,N
53351203,202302,F,30대,경기도,300만원 미만,오프라인,N,N,N,N,N,N
53351241,202302,F,50대,경기도,300만원 미만,온라인,N,N,N,N,N,N
53351280,202302,M,50대,세종특별자치시,700만원 이상,오프라인,N,N,N,N,N,N
53351300,202302,M,40대,부산광역시,500이상700만원 미만,온라인,N,N,N,N,N,N
53351400,202302,F,20대,부산광역시,무응답,오프라인,N,N,N,N,N,N
53351592,202302,M,40대,세종특별자치시,500이상700만원 미만,온라인,Y,Y,N,N,N,N
53351635,202302,M,60대 이상,전라남도,300이상500만원 미만,오프라인,N,N,N,N,N,N
53351989,202302,M,40대,충청북도,300만원 미만,온라인,N,N,N,N,N,N
53352010,202302,F,30대,세종특별자치시,300만원 미만,오프라인,N,N,N,N,N,N
53352040,202302,M,50대,부산광역시,300이상500만원 미만,온라인,N,N,N,N,N,N
53352120,202302,F,40대,부산광역시,300이상500만원 미만,오프라인,N,N,N,N,N,N
53352194,202302,F,40대,충청남도,300이상500만원 미만,온라인,N,N,N,N,N,N
53352270,202302,M,20대,강원도,무응답,오프라인,N,N,N,N,N,N
53352416,202302,F,40대,경상북도,500이상700만원 미만,온라인,N,N,N,N,N,N
53352432,202302,M,50대,부산광역시,700만원 이상,온라인,N,N,N,N,N,N
53352447,202302,F,60대 이상,부산광역시,700만원 이상,오프라인,N,N,N,N,N,N
53352481,202302,M,50대,강원도,무응답,오프라인,N,Y,N,N,N,N
53352500,202302,M,50대,부산광역시,300만원 미만,오프라인,N,N,N,N,N,N
53352573,202302,M,30대,강원도,300만원 미만,오프라인,N,N,N,N,N,N
53352591,202302,M,40대,충청북도,500이상700만원 미만,온라인,N,N,N,N,N,N
53352673,202302,F,40대,부산광역시,300만원 미만,온라인,N,N,N,N,N,N
53352685,202302,M,60대 이상,울산광역시,무응답,온라인,N,N,N,N,N,N
53352696,202302,F,60대 이상,전라남도,300이상500만원 미만,온라인,N,N,N,N,N,N
53352935,202302,M,40대,경상북도,500이상700만원 미만,오프라인,Y,N,Y,N,N,Y
53352943,202302,M,30대,부산광역시,무응답,오프라인,N,N,N,N,N,N
53352946,202302,M,60대 이상,충청남도,500이상700만원 미만,온라인,N,N,N,N,N,N
53353009,202302,F,30대,강원도,700만원 이상,오프라인,N,N,N,N,N,N
53353042,202302,F,60대 이상,부산광역시,700만원 이상,오프라인,N,N,N,N,N,N
53353184,202302,F,40대,강원도,700만원 이상,오프라인,N,N,N,N,N,N
53353212,202302,M,40대,부산광역시,300이상500만원 미만,온라인,N,N,N,Y,N,N
53353235,202302,M,50대,부산광역시,700만원 이상,온라인,N,N,N,N,N,N
53353278,202302,F,50대,경상북도,300만원 미만,온라인,Y,N,N,N,N,N
53353300,202302,F,30대,부산광역시,500이상700만원 미만,오프라인,N,N,N,N,N,N
53353309,202302,M,40대,경상북도,500이상700만원 미만,오프라인,N,N,N,N,N,N
53353351,202302,F,60대 이상,부산광역시,500이상700만원 미만,온라인,N,N,N,N,N,N
53353434,202302,M,40대,강원도,무응답,오프라인,Y,N,N,N,N,Y
53353449,202302,M,40대,강원도,700만원 이상,온라인,N,N,N,N,N,N
53353511,202302,M,20대,부산광역시,무응답,오프라인,N,N,N,N,N,N
53353528,202302,F,60대 이상,서울특별시,300이상500만원 미만,오프라인,N,N,N,N,N,N
53353549,202302,F,50대,세종특별자치시,700만원 이상,온라인,N,N,N,N,N,N
53353583,202302,M,50대,인천광역시,500이상700만원 미만,오프라인,N,N,N,N,N,N
53353635,202302,F,40대,제주특별자치도,700만원 이상,오프라인,N,N,N,N,N,N
53353665,202302,F,30대,울산광역시,300이상500만원 미만,오프라인,N,N,N,N,N,N
53353677,202302,M,50대,경기도,300만원 미만,온라인,N,N,N,N,N,N
53353776,202302,F,50대,서울특별시,500이상700만원 미만,오프라인,N,N,N,N,N,N
53353794,202302,F,30대,경상북도,700만원 이상,온라인,N,N,N,N,N,N
53353796,202302,M,30대,부산광역시,700만원 이상,온라인,N,N,N,N,N,N
53353818,202302,F,40대,대전광역시,700만원 이상,오프라인,Y,Y,N,N,N,N
53353829,202302,F,30대,충청남도,300이상500만원 미만,오프라인,N,N,N,N,N,N
53353975,202302,M,50대,광주광역시,700만원 이상,오프라인,N,N,N,N,N,N
53354006,202302,F,40대,경기도,500이상700만원 미만,온라인,Y,N,N,N,N,N
53354007,202302,M,40대,강원도,무응답,오프라인,N,N,N,N,N,N
53354038,202302,M,30대,강원도,300만원 미만,온라인,N,N,N,N,N,N
53354081,202302,F,40대,경기도,500이상700만원 미만,오프라인,N,N,N,N,N,N
53354148,202302,M,40대,부산광역시,300이상500만원 미만,오프라인,N,N,N,N,N,N
53354233,202302,F,40대,서울특별시,300만원 미만,오프라인,N,N,N,N,N,N
53354245,202302,F,50대,강원도,500이상700만원 미만,온라인,N,N,N,N,N,N
53354246,202302,M,50대,전라북도,300이상500만원 미만,온라인,N,N,N,N,N,N
53354307,202302,M,50대,부산광역시,700만원 이상,온라인,N,N,N,N,N,N
53354333,202302,M,30대,부산광역시,700만원 이상,온라인,N,N,N,N,N,N
53354339,202302,F,30대,부산광역시,무응답,온라인,N,N,N,N,N,N
53354342,202302,F,60대 이상,강원도,300이상500만원 미만,오프라인,N,N,N,N,N,N
53354352,202302,M,50대,강원도,무응답,오프라인,N,N,N,N,N,N
53354389,202302,M,40대,경상북도,300만원 미만,오프라인,N,N,N,N,N,N
53354391,202302,F,20대,강원도,300이상500만원 미만,온라인,N,N,N,N,N,N
53354569,202302,M,50대,강원도,700만원 이상,온라인,N,N,N,N,N,N
53354590,202302,M,40대,경기도,500이상700만원 미만,오프라인,N,N,N,N,N,N
53354627,202302,M,30대,부산광역시,700만원 이상,오프라인,N,N,N,N,N,N
53354698,202302,F,20대,울산광역시,300만원 미만,온라인,Y,Y,N,Y,N,N
53354765,202302,F,60대 이상,부산광역시,300만원 미만,오프라인,N,N,N,N,N,N
53354777,202302,M,40대,경상북도,700만원 이상,오프라인,N,N,N,N,N,N
53354818,202302,F,30대,강원도,500이상700만원 미만,오프라인,N,N,N,N,N,N
53354836,202302,F,30대,제주특별자치도,무응답,온라인,N,N,N,N,N,N
53354923,202302,M,60대 이상,세종특별자치시,300이상500만원 미만,온라인,N,N,N,N,N,N
53354991,202302,M,30대,부산광역시,300만원 미만,오프라인,N,N,N,N,N,N
53355022,202302,F,20대,세종특별자치시,무응답,온라인,N,N,N,N,N,N
53355053,202302,M,40대,제주특별자치도,500이상700만원 미만,온라인,N,N,N,N,N,N
53355094,202302,F,20대,제주특별자치도,300만원 미만,오프라인,N,N,N,N,N,N
53355183,202302,F,20대,충청남도,무응답,온라인,N,N,N,N,N,N
53355234,202302,F,40대,부산광역시,500이상700만원 미만,온라인,Y,N,N,N,N,N
53355416,202302,F,50대,대구광역시,700만원 이상,온라인,N,N,N,N,N,N
53355544,202302,M,40대,경기도,무응답,오프라인,N,N,N,N,N,N
53355591,202302,M,40대,강원도,500이상700만원 미만,오프라인,N,N,N,N,N,N
53355622,202302,F,30대,경기도,700만원 이상,온라인,N,N,N,N,N,N
53355627,202302,F,40대,경상남도,300만원 미만,온라인,N,N,N,N,N,N
53355631,202302,M,60대 이상,인천광역시,300만원 미만,오프라인,N,N,N,N,N,N
53355645,202302,F,30대,광주광역시,700만원 이상,오프라인,N,N,N,N,N,N
53355669,202302,M,30대,경상남도,무응답,온라인,Y,N,Y,N,N,N
53355831,202302,F,50대,부산광역시,700만원 이상,온라인,N,N,N,N,N,N
53355984,202302,M,40대,경상북도,무응답,오프라인,N,N,N,N,N,N
53356055,202302,M,60대 이상,충청남도,300만원 미만,온라인,N,N,N,N,N,N
53356068,202302,M,40대,광주광역시,300이상500만원 미만,오프라인,N,N,N,N,N,N
53356160,202302,F,20대,광주광역시,300만원 미만,온라인,N,N,N,N,N,N
53356195,202302,F,60대 이상,세종특별자치시,300이상500만원 미만,오프라인,N,N,N,N,N,N
53356210,202302,F,50대,경기도,700만원 이상,온라인,N,N,N,N,N,N
53356246,202302,F,40대,부산광역시,700만원 이상,온라인,N,Y,N,N,N,N
53356255,202302,M,30대,경상남도,300만원 미만,온라인,N,N,N,N,N,N
53356267,202302,F,50대,부산광역시,300만원 미만,온라인,N,N,N,N,N,N
53356326,202302,F,50대,부산광역시,500이상700만원 미만,오프라인,N,N,N,N,N,N
53356376,202302,F,50대,경상남도,300만원 미만,오프라인,N,N,N,N,N,N
53356400,202302,F,40대,부산광역시,300이상500만원 미만,오프라인,N,N,N,N,N,N
53356458,202302,F,20대,광주광역시,300이상500만원 미만,오프라인,N,N,N,N,N,N
53356565,202302,M,30대,대구광역시,300만원 미만,온라인,N,N,N,N,N,N
53356631,202302,M,50대,경상북도,무응답,온라인,N,N,N,N,N,N
53356717,202302,F,40대,대전광역시,500이상700만원 미만,온라인,N,N,N,N,N,N
53356736,202302,M,30대,부산광역시,700만원 이상,온라인,Y,N,Y,Y,Y,N
53356833,202302,F,50대,강원도,500이상700만원 미만,오프라인,N,N,N,N,N,N
53356896,202302,M,40대,경기도,무응답,온라인,Y,Y,N,N,N,N
53356917,202302,F,20대,세종특별자치시,700만원 이상,오프라인,N,N,N,N,N,N
53356927,202302,M,50대,전라북도,300만원 미만,온라인,N,N,N,N,N,N
53356977,202302,F,40대,대전광역시,300이상500만원 미만,온라인,N,N,N,N,N,N
53357063,202302,F,40대,부산광역시,무응답,온라인,N,N,N,Y,Y,Y
53357142,202302,M,50대,강원도,700만원 이상,온라인,Y,N,N,N,N,N
53357219,202302,F,30대,부산광역시,300이상500만원 미만,오프라인,N,N,N,N,N,N
53357416,202302,M,30대,부산광역시,무응답,온라인,N,N,N,N,N,N
53357454,202302,F,40대,경상북도,300이상500만원 미만,오프라인,N,N,N,N,N,Y
53357485,202302,F,60대 이상,세종특별자치시,500이상700만원 미만,오프라인,N,N,N,N,N,N
53357516,202302,M,30대,울산광역시,300이상500만원 미만,오프라인,N,N,N,N,N,N
53357533,202302,M,40대,부산광역시,700만원 이상,온라인,N,N,N,N,N,N
53357636,202302,F,50대,울산광역시,700만원 이상,온라인,N,N,N,N,N,N
53357641,202302,F,60대 이상,부산광역시,무응답,오프라인,N,N,N,N,N,N
53357660,202302,M,30대,대전광역시,300만원 미만,오프라인,N,N,N,N,N,N
53357725,202302,F,50대,강원도,700만원 이상,온라인,N,N,N,N,N,N
53357826,202302,M,40대,부산광역시,700만원 이상,오프라인,N,N,N,N,N,N
53357851,202302,F,20대,경상남도,무응답,오프라인,N,N,N,N,N,N
53357911,202302,M,60대 이상,부산광역시,700만원 이상,온라인,N,N,N,N,N,N
53358040,202302,M,50대,경상남도,500이상700만원 미만,오프라인,N,N,N,N,N,N
53358090,202302,M,50대,부산광역시,300만원 미만,오프라인,N,N,N,N,N,N
53358181,202302,F,50대,부산광역시,500이상700만원 미만,오프라인,N,N,N,N,N,N
53358268,202302,F,50대,광주광역시,300이상500만원 미만,온라인,N,N,N,N,N,N
53358323,202302,F,40대,부산광역시,500이상700만원 미만,오프라인,N,N,N,N,N,N
53358331,202302,M,30대,충청남도,무응답,오프라인,N,N,Y,N,N,N
53358339,202302,F,40대,강원도,무응답,온라인,N,N,N,N,N,N
53358402,202302,F,20대,부산광역시,무응답,온라인,Y,N,N,N,Y,N
53358463,202302,F,20대,부산광역시,무응답,오프라인,N,N,N,N,N,N
53358501,202302,F,40대,부산광역시,500이상700만원 미만,오프라인,N,N,N,N,N,N
53358595,202302,F,30대,대전광역시,300이상500만원 미만,온라인,N,N,N,N,N,N
53358600,202302,F,40대,대구광역시,무응답,오프라인,N,N,N,N,N,N
53358671,202302,F,40대,강원도,무응답,온라인,N,Y,N,N,N,N
53358677,202302,M,20대,부산광역시,300이상500만원 미만,오프라인,N,N,N,N,N,N
53358726,202302,F,40대,부산광역시,500이상700만원 미만,오프라인,N,N,N,N,N,N
53358744,202302,M,50대,부산광역시,무응답,온라인,N,N,N,N,N,N
53358824,202302,M,30대,부산광역시,300이상500만원 미만,온라인,Y,N,N,Y,Y,N
53358849,202302,M,50대,부산광역시,무응답,오프라인,N,N,N,N,N,N
53358917,202302,M,40대,강원도,300이상500만원 미만,온라인,N,N,N,N,N,N
53358939,202302,F,20대,부산광역시,무응답,오프라인,N,N,N,N,N,N
53358967,202302,M,60대 이상,부산광역시,700만원 이상,온라인,N,N,N,N,N,N
53359011,202302,F,40대,경상북도,500이상700만원 미만,온라인,N,N,N,N,N,N
53359025,202302,F,50대,부산광역시,500이상700만원 미만,온라인,N,N,N,N,N,N
53359125,202302,F,40대,경기도,500이상700만원 미만,오프라인,N,N,N,N,N,N
53359179,202302,F,50대,서울특별시,무응답,온라인,N,N,N,N,N,N
53359212,202302,M,30대,대전광역시,300만원 미만,온라인,N,N,N,N,N,N
53359255,202302,F,30대,강원도,무응답,오프라인,N,N,N,N,N,N
53359346,202302,F,50대,부산광역시,700만원 이상,온라인,N,N,N,N,N,N
53359454,202302,M,30대,강원도,무응답,오프라인,N,N,N,N,N,N
53359484,202302,F,20대,대전광역시,무응답,오프라인,N,N,N,N,N,N
53359661,202302,F,30대,경기도,무응답,온라인,N,N,N,N,N,N
53359790,202302,M,40대,부산광역시,300만원 미만,온라인,N,N,N,N,N,N
53359806,202302,F,60대 이상,경기도,300이상500만원 미만,온라인,N,N,N,N,N,N
53359852,202302,F,20대,제주특별자치도,300만원 미만,온라인,N,N,N,N,N,N
53359870,202302,F,50대,서울특별시,300이상500만원 미만,온라인,N,N,N,N,N,N
53359900,202302,F,30대,충청남도,무응답,온라인,N,N,N,N,N,N
53359904,202302,F,50대,부산광역시,700만원 이상,오프라인,N,N,N,N,N,N
53359932,202302,M,40대,부산광역시,무응답,온라인,N,N,N,N,N,N
53359978,202302,M,30대,부산광역시,무응답,온라인,N,N,N,N,N,Y
53360108,202302,M,40대,부산광역시,500이상700만원 미만,오프라인,N,N,N,N,N,N
53360511,202302,M,30대,부산광역시,무응답,오프라인,N,N,N,N,N,N
53360555,202302,F,50대,강원도,700만원 이상,오프라인,N,N,N,N,N,N
53360614,202302,F,50대,세종특별자치시,700만원 이상,온라인,N,N,N,N,N,N
53360637,202302,F,20대,부산광역시,700만원 이상,오프라인,N,N,N,N,N,N
53360817,202302,M,50대,대전광역시,500이상700만원 미만,온라인,N,N,N,N,N,N
53360828,202302,M,50대,강원도,700만원 이상,오프라인,N,N,N,N,N,N
53360881,202302,F,60대 이상,경상북도,300이상500만원 미만,오프라인,N,N,N,N,N,N
53360890,202302,F,40대,부산광역시,500이상700만원 미만,오프라인,N,N,N,N,N,N
53360999,202302,M,40대,경기도,700만원 이상,온라인,N,Y,N,N,N,Y
53361032,202302,M,30대,경기도,300이상500만원 미만,오프라인,N,N,N,N,N,N
53361047,202302,M,50대,부산광역시,300만원 미만,온라인,N,N,N,N,N,N
53361142,202302,M,60대 이상,강원도,300만원 미만,오프라인,N,N,N,N,N,N
53361217,202302,F,50대,경상북도,500이상700만원 미만,온라인,N,N,N,N,N,N
53361227,202302,F,60대 이상,경기도,무응답,온라인,N,N,N,N,N,N
53361267,202302,F,60대 이상,부산광역시,300만원 미만,온라인,N,N,N,N,N,N
53361401,202302,F,40대,부산광역시,무응답,온라인,N,N,N,N,N,N
53361419,202302,M,40대,강원도,700만원 이상,오프라인,N,N,N,N,N,N
53361531,202302,M,40대,부산광역시,무응답,온라인,N,N,N,N,N,N
53361570,202302,M,50대,강원도,300만원 미만,오프라인,N,N,N,N,N,N
53361610,202302,F,30대,부산광역시,무응답,온라인,Y,Y,Y,N,N,N
53361643,202302,F,50대,강원도,700만원 이상,온라인,N,N,N,N,N,N
53361701,202302,F,20대,대구광역시,300만원 미만,온라인,Y,Y,N,N,N,N
53361717,202302,F,50대,강원도,700만원 이상,온라인,N,N,N,N,N,N
53361745,202302,M,40대,전라남도,300만원 미만,오프라인,N,N,N,N,N,N
53361844,202302,F,50대,경상남도,700만원 이상,온라인,N,N,N,N,N,N
53361861,202302,M,50대,강원도,500이상700만원 미만,오프라인,N,N,N,N,N,N
53361898,202302,M,60대 이상,경상북도,300만원 미만,오프라인,N,N,N,N,N,N
53361945,202302,F,50대,대구광역시,300만원 미만,오프라인,N,N,N,N,N,N
53361968,202302,F,60대 이상,강원도,300이상500만원 미만,오프라인,N,N,N,N,N,N
53362113,202302,F,20대,대구광역시,500이상700만원 미만,오프라인,N,N,N,N,N,N
53362128,202302,F,60대 이상,강원도,700만원 이상,온라인,N,N,N,N,N,N
53362286,202302,M,50대,부산광역시,500이상700만원 미만,온라인,N,N,N,N,N,N
53362304,202302,F,30대,강원도,300만원 미만,온라인,N,N,N,N,N,N
53362324,202302,M,40대,강원도,700만원 이상,온라인,N,N,N,N,N,N
53362347,202302,M,30대,경기도,700만원 이상,온라인,N,N,N,N,N,N
53362350,202302,M,40대,전라북도,300이상500만원 미만,오프라인,N,N,N,N,N,N
53362379,202302,F,20대,경기도,무응답,온라인,N,N,N,Y,Y,N
53362404,202302,F,60대 이상,부산광역시,300만원 미만,온라인,N,N,N,N,N,N
53362405,202302,M,40대,경기도,300이상500만원 미만,온라인,N,N,N,N,N,N
53362409,202302,M,50대,부산광역시,300이상500만원 미만,온라인,N,N,N,N,N,N
53362528,202302,F,50대,광주광역시,300이상500만원 미만,오프라인,N,N,N,N,N,N
53362595,202302,M,30대,부산광역시,300만원 미만,오프라인,N,N,N,N,N,N
53362618,202302,F,40대,세종특별자치시,700만원 이상,오프라인,N,N,N,N,N,N
53362660,202302,M,30대,강원도,500이상700만원 미만,오프라인,N,N,N,N,N,N
53362822,202302,F,40대,부산광역시,500이상700만원 미만,온라인,N,N,N,N,N,N
53363045,202302,F,60대 이상,경상북도,300만원 미만,오프라인,N,N,N,N,N,N
53363061,202302,F,50대,부산광역시,500이상700만원 미만,온라인,N,N,N,N,N,N
53363185,202302,F,20대,강원도,300만원 미만,온라인,N,N,N,N,N,N
53363243,202302,F,20대,강원도,700만원 이상,오프라인,N,N,N,N,N,N
53363252,202302,M,40대,강원도,300만원 미만,오프라인,N,N,N,N,N,N
53363375,202302,F,30대,부산광역시,300만원 미만,온라인,N,N,N,N,N,N
53363394,202302,F,50대,울산광역시,500이상700만원 미만,오프라인,N,N,N,N,N,N
53363408,202302,F,20대,대전광역시,무응답,온라인,N,N,N,N,N,N
53363468,202302,F,20대,광주광역시,300만원 미만,온라인,Y,Y,N,N,N,Y
53363473,202302,M,30대,충청남도,300이상500만원 미만,온라인,N,N,N,N,N,N
53363512,202302,M,60대 이상,부산광역시,300이상500만원 미만,온라인,N,N,N,N,N,N
53363585,202302,M,60대 이상,강원도,300만원 미만,오프라인,N,N,N,N,N,N
53363653,202302,F,50대,경상남도,700만원 이상,오프라인,N,N,N,N,N,N
53363672,202302,M,30대,부산광역시,500이상700만원 미만,온라인,N,Y,N,N,N,N
53363717,202302,F,50대,강원도,700만원 이상,온라인,N,N,N,N,Y,N
53363827,202302,M,60대 이상,경상북도,500이상700만원 미만,온라인,N,N,N,N,N,N
53363855,202302,F,40대,인천광역시,500이상700만원 미만,오프라인,N,N,N,N,N,N
53363919,202302,F,50대,부산광역시,무응답,온라인,N,N,N,N,N,N
53364027,202302,M,30대,경기도,700만원 이상,온라인,N,N,N,N,N,N
53364071,202302,F,50대,부산광역시,500이상700만원 미만,온라인,N,N,N,N,N,N
53364171,202302,M,40대,대구광역시,300이상500만원 미만,온라인,N,N,N,N,N,N
53364213,202302,F,50대,강원도,500이상700만원 미만,오프라인,N,N,N,N,N,N
53364299,202302,M,50대,부산광역시,300만원 미만,온라인,N,N,N,N,N,N
53364331,202302,M,60대 이상,부산광역시,500이상700만원 미만,온라인,Y,N,N,N,N,N
53364391,202302,F,50대,강원도,300만원 미만,오프라인,N,N,N,N,N,N
53364453,202302,M,40대,충청북도,300이상500만원 미만,오프라인,N,N,N,N,N,N
53364685,202302,M,50대,경상북도,500이상700만원 미만,오프라인,N,N,N,N,N,N
53364724,202302,F,40대,강원도,500이상700만원 미만,오프라인,Y,N,N,N,N,N
53364789,202302,M,50대,부산광역시,700만원 이상,온라인,N,N,N,N,N,N
53364853,202302,F,40대,울산광역시,500이상700만원 미만,오프라인,N,N,N,N,N,N
53364901,202302,M,40대,부산광역시,700만원 이상,온라인,N,N,N,N,N,N
53364967,202302,M,50대,부산광역시,300만원 미만,온라인,Y,N,N,N,N,N
53364969,202302,M,40대,울산광역시,500이상700만원 미만,온라인,N,N,N,N,N,N
53364981,202302,M,40대,부산광역시,700만원 이상,온라인,N,N,N,N,N,N
53365054,202302,M,50대,부산광역시,700만원 이상,온라인,N,N,N,N,N,N
53365191,202302,F,20대,강원도,700만원 이상,온라인,N,N,N,N,N,N
53365207,202302,F,60대 이상,전라남도,300만원 미만,오프라인,N,N,N,N,N,N
53365279,202302,F,50대,전라남도,300이상500만원 미만,온라인,N,N,N,N,N,N
53365342,202302,M,40대,부산광역시,300만원 미만,오프라인,N,N,N,N,N,N
53365388,202302,F,20대,경기도,700만원 이상,오프라인,Y,N,N,N,N,N
53365581,202302,F,50대,경상북도,무응답,온라인,N,N,N,N,N,N
53365601,202302,M,50대,경기도,500이상700만원 미만,온라인,N,N,N,N,N,N
53365644,202302,F,20대,경상남도,500이상700만원 미만,오프라인,N,N,N,N,N,N
53365658,202302,F,30대,경기도,300이상500만원 미만,온라인,Y,Y,N,N,N,N
53365659,202302,M,50대,강원도,700만원 이상,온라인,N,N,N,N,N,N
53365675,202302,F,50대,부산광역시,500이상700만원 미만,온라인,N,N,N,N,N,N
53365742,202302,F,40대,부산광역시,700만원 이상,온라인,Y,N,N,Y,N,N
53365772,202302,M,50대,경상북도,700만원 이상,온라인,N,N,N,N,N,N
53365841,202302,M,40대,경기도,700만원 이상,오프라인,N,N,N,N,N,N
53365978,202302,M,50대,경상북도,700만원 이상,오프라인,N,N,N,N,N,N
53366001,202302,M,40대,경상북도,300이상500만원 미만,오프라인,N,N,N,N,N,N
53366134,202302,M,30대,대전광역시,700만원 이상,온라인,N,N,N,N,N,N
53366170,202302,M,40대,부산광역시,500이상700만원 미만,오프라인,N,N,N,N,N,N
53366198,202302,M,50대,부산광역시,무응답,온라인,N,N,N,N,N,N
53366237,202302,F,30대,강원도,500이상700만원 미만,온라인,N,N,N,N,N,Y
53366261,202302,F,60대 이상,강원도,300만원 미만,온라인,N,N,N,N,N,N
53366262,202302,M,40대,울산광역시,무응답,온라인,N,N,N,N,N,N
53366318,202302,M,60대 이상,제주특별자치도,300이상500만원 미만,온라인,N,N,N,N,N,N
53366353,202302,M,60대 이상,대구광역시,300만원 미만,온라인,N,N,N,N,N,N
53366379,202302,M,40대,부산광역시,500이상700만원 미만,오프라인,N,N,N,N,N,N
53366395,202302,M,50대,부산광역시,700만원 이상,오프라인,N,N,N,N,N,N
53366435,202302,M,30대,부산광역시,무응답,오프라인,N,N,N,N,N,N
53366447,202302,M,40대,전라남도,300이상500만원 미만,온라인,N,N,N,N,N,N
53366547,202302,F,40대,충청남도,무응답,온라인,N,N,N,N,N,N
53366573,202302,M,50대,강원도,700만원 이상,오프라인,N,N,N,N,N,N
53366723,202302,F,30대,대전광역시,500이상700만원 미만,오프라인,Y,N,Y,N,N,Y
53366728,202302,F,20대,부산광역시,무응답,온라인,N,N,N,N,N,N
53366801,202302,F,40대,부산광역시,700만원 이상,온라인,Y,Y,Y,N,Y,N
53366905,202302,M,50대,부산광역시,500이상700만원 미만,오프라인,N,N,N,N,N,N
53366937,202302,F,50대,세종특별자치시,500이상700만원 미만,온라인,N,N,N,N,N,N
53366952,202302,F,50대,경기도,300이상500만원 미만,오프라인,N,N,N,N,N,N
53366956,202302,M,40대,강원도,500이상700만원 미만,오프라인,N,N,N,N,N,N
53367066,202302,F,20대,부산광역시,무응답,오프라인,N,N,N,N,N,N
53367108,202302,M,30대,전라남도,300이상500만원 미만,오프라인,N,N,N,N,N,N
53367123,202302,M,30대,충청남도,무응답,오프라인,N,N,N,N,N,N
53367274,202302,F,20대,전라남도,700만원 이상,오프라인,N,N,N,N,N,N
53367277,202302,M,50대,대전광역시,300만원 미만,온라인,N,N,N,N,N,N
53367303,202302,M,20대,강원도,무응답,오프라인,N,N,N,N,N,N
53367508,202302,M,60대 이상,경상남도,700만원 이상,오프라인,N,N,N,N,N,N
53367557,202302,F,50대,광주광역시,300만원 미만,온라인,N,N,N,N,N,N
53367657,202302,F,40대,강원도,300이상500만원 미만,온라인,N,N,Y,N,N,N
53367774,202302,F,50대,경상북도,500이상700만원 미만,오프라인,N,N,N,N,N,N
53367944,202302,M,50대,경기도,300이상500만원 미만,온라인,N,N,N,N,N,N
53368001,202302,M,40대,경기도,300만원 미만,오프라인,N,N,N,N,N,N
53368047,202302,F,40대,강원도,500이상700만원 미만,오프라인,N,N,N,N,N,N
53368061,202302,M,40대,부산광역시,300이상500만원 미만,온라인,N,N,N,N,N,N
53368082,202302,F,60대 이상,경기도,700만원 이상,온라인,Y,N,N,N,N,N
53368264,202302,F,60대 이상,부산광역시,300이상500만원 미만,오프라인,N,N,N,N,N,N
53368284,202302,F,50대,부산광역시,700만원 이상,오프라인,N,N,N,N,N,N
53368349,202302,F,60대 이상,전라북도,300이상500만원 미만,오프라인,N,N,N,N,N,N
53368399,202302,M,40대,부산광역시,300만원 미만,오프라인,N,N,N,N,N,N
53368535,202302,M,50대,세종특별자치시,700만원 이상,오프라인,N,N,N,N,N,N
53368559,202302,F,50대,부산광역시,무응답,온라인,N,N,N,N,N,N
53368610,202302,F,20대,강원도,300만원 미만,온라인,N,N,N,N,N,N
53368619,202302,M,40대,충청남도,500이상700만원 미만,온라인,Y,N,N,N,N,N
53368692,202302,F,40대,경기도,500이상700만원 미만,온라인,N,N,N,N,N,N
53368727,202302,M,50대,부산광역시,700만원 이상,오프라인,N,N,N,N,N,N
53368798,202302,M,40대,세종특별자치시,300이상500만원 미만,오프라인,N,N,N,N,N,N
53368890,202302,F,40대,경기도,500이상700만원 미만,오프라인,N,N,N,N,N,N
53368950,202302,F,40대,울산광역시,무응답,오프라인,N,N,N,N,N,N
53369017,202302,F,50대,대구광역시,300이상500만원 미만,온라인,N,N,N,N,N,N
53369187,202302,M,30대,부산광역시,700만원 이상,오프라인,N,N,N,N,N,N
53369189,202302,F,40대,전라북도,무응답,온라인,N,N,N,N,N,N
53369191,202302,F,20대,제주특별자치도,700만원 이상,오프라인,N,N,N,N,N,N
53369371,202302,M,50대,전라북도,500이상700만원 미만,온라인,N,N,N,N,N,N
53369412,202302,F,20대,광주광역시,무응답,오프라인,N,N,N,N,N,N
53369473,202302,M,40대,전라남도,무응답,온라인,Y,N,N,N,N,N
53369499,202302,F,50대,강원도,무응답,오프라인,N,N,N,N,N,N
53369510,202302,M,30대,부산광역시,700만원 이상,온라인,N,N,N,N,Y,N
53369705,202302,F,40대,인천광역시,500이상700만원 미만,온라인,N,N,N,N,N,N
53369978,202302,F,50대,울산광역시,700만원 이상,온라인,N,N,N,N,N,N
53370135,202302,M,50대,강원도,700만원 이상,온라인,N,N,N,N,N,N
53370193,202302,M,30대,부산광역시,700만원 이상,오프라인,N,N,N,N,N,N
53370372,202302,F,30대,부산광역시,300만원 미만,오프라인,Y,N,N,N,N,N
53370401,202302,M,30대,경상남도,700만원 이상,오프라인,N,N,N,N,N,N
53370508,202302,M,30대,강원도,700만원 이상,오프라인,N,N,N,N,N,N
53370527,202302,M,40대,서울특별시,300이상500만원 미만,온라인,N,N,N,N,N,N
53370625,202302,M,50대,인천광역시,700만원 이상,오프라인,N,N,N,N,N,N
53370752,202302,M,50대,부산광역시,500이상700만원 미만,온라인,N,N,N,N,N,N
53370947,202302,M,30대,대전광역시,300이상500만원 미만,온라인,N,N,N,N,N,N
53370956,202302,F,50대,강원도,500이상700만원 미만,온라인,N,N,N,N,N,N
53370991,202302,M,60대 이상,경상북도,300이상500만원 미만,오프라인,N,N,N,N,N,N
53370992,202302,M,50대,대구광역시,무응답,온라인,N,N,N,N,N,N
53371048,202302,M,40대,경상남도,500이상700만원 미만,오프라인,N,N,N,N,N,N
53371086,202302,F,40대,강원도,500이상700만원 미만,오프라인,N,N,N,N,N,N
53371110,202302,M,30대,강원도,300만원 미만,오프라인,N,N,N,N,N,N
53371267,202302,F,50대,경상북도,700만원 이상,오프라인,N,N,N,N,N,N
53371282,202302,F,40대,경상북도,700만원 이상,오프라인,N,N,N,N,N,N
53371314,202302,M,60대 이상,강원도,무응답,오프라인,N,N,N,N,N,N
53371419,202302,F,30대,경상남도,300만원 미만,온라인,N,N,N,N,N,N
53371420,202302,M,30대,부산광역시,700만원 이상,오프라인,N,N,N,N,N,N
53371448,202302,F,40대,광주광역시,500이상700만원 미만,오프라인,N,N,N,N,N,N
53371460,202302,M,20대,강원도,무응답,온라인,N,Y,N,Y,N,N
53371494,202302,F,50대,광주광역시,300만원 미만,온라인,Y,N,N,N,N,N
53371560,202302,M,20대,부산광역시,700만원 이상,오프라인,N,N,N,N,N,N
53371592,202302,F,40대,강원도,300이상500만원 미만,오프라인,N,N,N,N,N,N
53371596,202302,F,40대,대구광역시,300이상500만원 미만,온라인,N,N,N,N,N,N
53371642,202302,M,40대,충청남도,300이상500만원 미만,오프라인,N,N,N,N,N,N
53371732,202302,F,30대,세종특별자치시,300만원 미만,온라인,N,N,N,N,N,N
53371807,202302,M,50대,강원도,700만원 이상,오프라인,N,N,N,N,N,N
53371940,202302,M,40대,부산광역시,300만원 미만,오프라인,N,N,N,N,N,N
53372039,202302,F,60대 이상,경상남도,700만원 이상,온라인,N,N,N,N,N,N
53372046,202302,M,40대,부산광역시,700만원 이상,온라인,N,N,N,N,N,N
53372058,202302,F,30대,부산광역시,700만원 이상,오프라인,N,N,N,N,N,N
53372159,202302,F,40대,부산광역시,500이상700만원 미만,온라인,N,N,N,N,N,N
53372219,202302,F,40대,강원도,300만원 미만,온라인,Y,Y,N,N,N,N
53372255,202302,M,30대,강원도,300이상500만원 미만,온라인,Y,N,N,Y,Y,N
53372322,202302,M,50대,전라북도,700만원 이상,오프라인,N,N,N,N,N,N
53372344,202302,F,60대 이상,강원도,500이상700만원 미만,오프라인,N,N,N,N,N,N
53372386,202302,M,30대,강원도,무응답,온라인,N,N,N,N,N,N
53372412,202302,M,50대,부산광역시,300만원 미만,오프라인,N,N,N,N,N,N
53372420,202302,F,30대,강원도,무응답,오프라인,N,N,N,N,N,N
53372568,202302,F,20대,강원도,무응답,오프라인,N,N,N,N,N,N
53372679,202302,M,50대,부산광역시,700만원 이상,오프라인,Y,N,Y,N,N,N
53372692,202302,M,20대,부산광역시,무응답,온라인,N,N,N,Y,Y,N
53372693,202302,M,50대,부산광역시,300만원 미만,온라인,N,N,N,N,N,N
53372858,202302,M,50대,강원도,300만원 미만,온라인,N,N,N,N,N,N
53372955,202302,M,60대 이상,경기도,700만원 이상,오프라인,N,N,N,N,N,N
53373119,202302,F,20대,전라남도,무응답,온라인,N,N,N,N,N,N
53373155,202302,F,20대,부산광역시,무응답,온라인,N,N,N,N,N,N
53373161,202302,F,50대,강원도,500이상700만원 미만,오프라인,N,N,N,N,N,N
53373191,202302,F,30대,강원도,무응답,온라인,N,N,N,N,N,N
53373194,202302,M,40대,강원도,700만원 이상,오프라인,Y,N,N,N,N,N
53373213,202302,F,40대,강원도,700만원 이상,온라인,Y,N,N,N,N,N
53373222,202302,F,30대,부산광역시,500이상700만원 미만,오프라인,N,N,N,N,N,N
53373230,202302,F,40대,충청남도,500이상700만원 미만,온라인,N,N,N,N,N,N
53373242,202302,F,30대,충청남도,500이상700만원 미만,온라인,N,N,N,N,N,N
53373258,202302,M,50대,강원도,300만원 미만,온라인,Y,N,N,N,N,Y
53373468,202302,M,40대,제주특별자치도,300이상500만원 미만,오프라인,N,N,N,N,N,N
53373518,202302,F,30대,경상남도,500이상700만원 미만,오프라인,N,N,N,N,N,N
53373553,202302,M,60대 이상,부산광역시,무응답,온라인,Y,N,N,N,N,N
53373783,202302,M,50대,인천광역시,500이상700만원 미만,오프라인,N,N,N,N,N,N
53373814,202302,F,20대,전라북도,300이상500만원 미만,오프라인,N,N,N,N,N,N
53373836,202302,M,60대 이상,부산광역시,300만원 미만,오프라인,N,N,N,N,N,N
53373837,202302,F,30대,강원도,700만원 이상,오프라인,N,N,N,N,N,N
53373841,202302,F,30대,부산광역시,300이상500만원 미만,온라인,N,N,N,N,N,N
53373873,202302,M,40대,대구광역시,300만원 미만,온라인,N,N,N,N,N,N
53373924,202302,M,40대,경기도,300만원 미만,온라인,Y,N,N,N,N,N
53373973,202302,M,50대,부산광역시,300만원 미만,온라인,Y,Y,N,N,N,N
53374093,202302,F,20대,광주광역시,무응답,온라인,N,N,N,N,N,N
53374118,202302,M,50대,부산광역시,700만원 이상,오프라인,N,N,N,N,N,N
53374166,202302,F,30대,울산광역시,300이상500만원 미만,온라인,N,N,N,N,N,N
53374339,202302,F,60대 이상,전라북도,500이상700만원 미만,온라인,N,N,N,N,N,N
53374406,202302,M,60대 이상,광주광역시,300만원 미만,오프라인,N,N,N,N,N,N
53374427,202302,F,20대,부산광역시,무응답,오프라인,N,N,N,N,N,N
53374540,202302,F,40대,경기도,300이상500만원 미만,오프라인,N,N,N,N,N,N
53374571,202302,F,50대,충청남도,700만원 이상,오프라인,N,N,N,N,N,N
53374610,202302,F,50대,부산광역시,300이상500만원 미만,오프라인,N,N,N,N,N,N
53374675,202302,M,40대,광주광역시,500이상700만원 미만,온라인,N,N,N,N,N,N
53374721,202302,F,40대,대구광역시,500이상700만원 미만,온라인,Y,N,N,N,Y,N
53374727,202302,F,40대,광주광역시,300이상500만원 미만,온라인,N,N,N,N,N,N
53374795,202302,M,50대,경기도,300이상500만원 미만,오프라인,N,N,N,N,N,N
53374856,202302,F,30대,경상남도,500이상700만원 미만,오프라인,N,N,N,N,N,N
53375031,202302,M,50대,광주광역시,300이상500만원 미만,오프라인,N,N,N,N,N,N
53375073,202302,F,50대,강원도,300만원 미만,오프라인,N,N,N,N,N,N
53375153,202302,F,30대,부산광역시,500이상700만원 미만,온라인,Y,Y,N,N,N,Y
53375238,202302,F,40대,부산광역시,500이상700만원 미만,오프라인,N,N,N,N,N,N
53375256,202302,M,40대,충청남도,300이상500만원 미만,온라인,N,N,N,N,N,N
53375258,202302,F,50대,강원도,500이상700만원 미만,온라인,N,N,N,N,N,N
53375373,202302,M,40대,강원도,300만원 미만,온라인,N,N,N,N,N,N
53375483,202302,M,30대,경상남도,300이상500만원 미만,온라인,N,N,N,N,N,N
53375636,202302,M,60대 이상,제주특별자치도,500이상700만원 미만,온라인,N,N,N,N,N,N
53375666,202302,M,20대,서울특별시,무응답,온라인,N,N,N,Y,Y,N
53375788,202302,F,50대,전라북도,300만원 미만,오프라인,Y,N,N,N,N,N
53375821,202302,F,20대,경상북도,무응답,오프라인,N,N,N,N,N,N
53375860,202302,M,20대,광주광역시,700만원 이상,오프라인,N,N,N,N,N,N
53375974,202302,M,50대,부산광역시,무응답,오프라인,N,N,N,N,N,N
53375995,202302,F,40대,부산광역시,300만원 미만,온라인,N,N,N,N,N,N
53376032,202302,F,60대 이상,부산광역시,300만원 미만,온라인,N,N,N,N,N,N
53376037,202302,F,50대,경기도,무응답,온라인,Y,N,N,N,N,N
53376093,202302,F,40대,강원도,700만원 이상,오프라인,N,N,N,N,N,N
53376164,202302,F,40대,제주특별자치도,500이상700만원 미만,오프라인,N,N,N,N,N,N
53376211,202302,F,30대,충청남도,300만원 미만,온라인,N,N,N,N,N,N
53376216,202302,F,60대 이상,강원도,500이상700만원 미만,온라인,N,N,N,N,N,N
53376238,202302,M,50대,세종특별자치시,500이상700만원 미만,온라인,N,N,N,N,N,N
53376317,202302,F,20대,세종특별자치시,500이상700만원 미만,오프라인,N,N,N,N,N,N
53376586,202302,F,20대,전라북도,300만원 미만,온라인,N,N,N,N,N,N
53376612,202302,F,30대,광주광역시,무응답,온라인,N,N,N,N,N,N
53376621,202302,F,50대,제주특별자치도,700만원 이상,오프라인,N,N,N,N,N,N
53376684,202302,M,60대 이상,부산광역시,700만원 이상,오프라인,N,N,N,N,N,Y
53376801,202302,F,30대,경상북도,무응답,오프라인,N,Y,N,N,N,N
53376850,202302,M,50대,전라북도,500이상700만원 미만,오프라인,N,N,N,N,N,N
53376893,202302,M,50대,경기도,무응답,온라인,N,N,N,N,N,N
53376895,202302,F,50대,광주광역시,300이상500만원 미만,온라인,N,N,N,N,N,N
53376921,202302,F,40대,부산광역시,300이상500만원 미만,오프라인,N,N,N,N,N,N
53376961,202302,M,20대,서울특별시,무응답,온라인,N,N,N,N,N,N
53377027,202302,M,30대,부산광역시,300이상500만원 미만,온라인,N,N,N,N,N,N
53377071,202302,M,40대,경상남도,300만원 미만,온라인,N,N,N,N,N,N
53377129,202302,F,20대,경기도,무응답,온라인,N,N,N,N,N,N
53377130,202302,F,50대,부산광역시,300이상500만원 미만,오프라인,N,N,N,N,N,N
53377144,202302,F,20대,전라남도,무응답,온라인,Y,N,N,N,N,N
53377243,202302,M,40대,부산광역시,700만원 이상,온라인,Y,N,N,N,N,N
53377275,202302,M,50대,강원도,700만원 이상,온라인,N,N,N,N,N,N
53377296,202302,M,40대,부산광역시,300이상500만원 미만,오프라인,N,N,N,N,N,N
53377508,202302,M,30대,광주광역시,700만원 이상,오프라인,N,N,N,N,N,N
323309,202302,F,20대,울산광역시,300만원 미만,온라인,N,N,N,N,N,N
333662,202302,M,20대,부산광역시,300만원 미만,온라인,N,N,N,N,N,N
336303,202302,M,20대,강원도,무응답,오프라인,N,N,N,N,N,N
349421,202302,M,20대,강원도,300만원 미만,오프라인,N,N,N,N,N,N
354894,202302,M,20대,인천광역시,무응답,온라인,N,N,N,N,N,N
360223,202302,M,20대,강원도,무응답,오프라인,N,N,N,N,N,N
360492,202302,M,20대,경상남도,무응답,온라인,N,N,Y,N,Y,Y
368912,202302,M,20대,세종특별자치시,300만원 미만,온라인,N,N,N,N,N,N
370130,202302,M,20대,부산광역시,무응답,오프라인,N,N,N,N,N,N
395492,202302,M,20대,부산광역시,300만원 미만,오프라인,N,N,N,N,N,N
405137,202302,M,20대,부산광역시,700만원 이상,온라인,N,N,N,N,N,N
410949,202302,M,20대,충청북도,300이상500만원 미만,온라인,Y,N,N,Y,Y,N
411567,202302,M,20대,부산광역시,무응답,온라인,N,N,N,N,N,N
413029,202302,M,20대,울산광역시,300이상500만원 미만,온라인,Y,N,N,N,N,N
422332,202302,M,20대,충청남도,300만원 미만,오프라인,N,N,N,N,N,N
424197,202302,M,20대,강원도,무응답,온라인,N,N,N,N,N,N
425193,202302,M,20대,부산광역시,300만원 미만,온라인,N,N,N,N,N,N
425383,202302,M,20대,제주특별자치도,500이상700만원 미만,오프라인,N,N,N,N,N,N
426341,202302,M,20대,부산광역시,700만원 이상,오프라인,N,N,N,N,N,N
427127,202302,M,20대,충청남도,700만원 이상,오프라인,N,N,N,N,N,N
427962,202302,M,20대,전라남도,무응답,오프라인,N,N,N,N,N,N
429773,202302,M,20대,광주광역시,300만원 미만,온라인,N,N,N,N,N,N
430628,202302,M,20대,충청남도,무응답,온라인,N,N,N,N,N,N
431701,202302,M,20대,경기도,300이상500만원 미만,온라인,N,N,N,N,N,N
433028,202302,M,20대,경기도,700만원 이상,오프라인,N,N,N,N,N,Y
434074,202302,M,20대,충청북도,300만원 미만,오프라인,N,N,N,N,N,N
436208,202302,M,20대,부산광역시,300이상500만원 미만,온라인,Y,N,Y,Y,Y,N
442728,202302,M,20대,전라북도,300만원 미만,오프라인,Y,Y,Y,N,N,Y
445587,202302,M,20대,경상북도,무응답,오프라인,N,N,N,N,N,N
446564,202302,M,20대,강원도,무응답,오프라인,N,N,N,N,N,N
2956488,202302,M,20대,전라북도,300만원 미만,온라인,Y,N,N,N,N,Y
2958009,202302,M,20대,울산광역시,300이상500만원 미만,오프라인,N,N,N,N,N,N
2958263,202302,M,20대,경상북도,300만원 미만,온라인,Y,N,Y,Y,Y,Y
2961837,202302,M,20대,부산광역시,700만원 이상,온라인,N,N,N,N,N,N
3003562,202302,M,20대,경상북도,300만원 미만,온라인,N,N,N,N,N,N
3008733,202302,M,20대,광주광역시,300만원 미만,온라인,N,N,Y,N,N,N
3009721,202302,M,20대,부산광역시,300만원 미만,온라인,N,N,N,N,N,N
3010083,202302,M,20대,경기도,300만원 미만,오프라인,N,N,N,N,N,N
3018079,202302,M,20대,강원도,무응답,온라인,N,N,N,N,N,N
3037648,202302,M,20대,경상남도,무응답,온라인,N,N,N,N,N,N
3041445,202302,M,20대,대전광역시,무응답,온라인,N,N,N,N,N,N
3044773,202302,M,20대,강원도,무응답,온라인,N,N,N,N,N,N
3044835,202302,M,20대,충청북도,무응답,온라인,N,N,N,N,N,N
3045676,202302,M,20대,부산광역시,무응답,온라인,Y,N,Y,Y,N,N
3046196,202302,M,20대,충청남도,300만원 미만,온라인,N,N,N,N,N,N
3084558,202302,M,20대,강원도,300이상500만원 미만,온라인,N,N,Y,Y,Y,N
3089469,202302,M,20대,부산광역시,무응답,온라인,N,N,N,N,N,N
3090263,202302,M,20대,부산광역시,300만원 미만,온라인,N,N,Y,N,N,N
3091346,202302,M,20대,경기도,300만원 미만,온라인,N,N,N,N,N,N
3104055,202302,M,20대,부산광역시,300이상500만원 미만,온라인,N,N,N,N,N,N
3113810,202302,M,20대,울산광역시,500이상700만원 미만,온라인,N,N,N,N,N,N
3146313,202302,M,20대,울산광역시,무응답,온라인,N,N,N,N,N,N
3153881,202302,M,20대,인천광역시,500이상700만원 미만,온라인,N,N,Y,N,N,N
3165366,202302,M,20대,강원도,무응답,온라인,N,N,Y,N,N,N
3167291,202302,M,20대,경기도,300만원 미만,오프라인,N,N,N,N,N,N
3174612,202302,M,20대,강원도,무응답,오프라인,N,N,N,N,N,N
3195283,202302,M,20대,서울특별시,700만원 이상,온라인,N,N,N,N,N,N
3207800,202302,M,20대,부산광역시,무응답,온라인,N,N,N,N,N,N
3221167,202302,M,30대,강원도,300이상500만원 미만,온라인,Y,N,N,N,N,N
3228941,202302,M,20대,경기도,700만원 이상,오프라인,N,N,N,N,N,N
3232159,202302,M,20대,부산광역시,무응답,오프라인,N,N,N,N,N,N
3232348,202302,M,20대,강원도,700만원 이상,오프라인,N,N,N,N,N,N
3234086,202302,M,20대,부산광역시,무응답,오프라인,N,N,N,N,N,N
3238109,202302,M,20대,부산광역시,무응답,오프라인,N,N,N,N,N,N
3238799,202302,F,20대,강원도,무응답,오프라인,N,N,Y,N,N,N
3239430,202302,M,20대,부산광역시,700만원 이상,오프라인,N,N,N,N,N,N
3243208,202302,M,20대,강원도,무응답,오프라인,N,N,N,N,N,N
53322178,202302,M,30대,강원도,700만원 이상,온라인,N,N,N,N,N,N
53322267,202302,M,40대,강원도,700만원 이상,온라인,N,N,N,N,N,N
53322306,202302,M,40대,강원도,300만원 미만,온라인,N,N,N,N,N,N
53322403,202302,F,60대 이상,강원도,500이상700만원 미만,온라인,N,N,N,N,N,N
53322404,202302,F,50대,강원도,700만원 이상,온라인,N,N,N,N,N,N
53322452,202302,F,60대 이상,강원도,500이상700만원 미만,온라인,N,N,N,N,N,N
53322483,202302,F,60대 이상,강원도,300만원 미만,오프라인,N,N,N,N,N,N
53322600,202302,F,60대 이상,강원도,300이상500만원 미만,오프라인,N,N,N,N,N,N
53322652,202302,F,40대,부산광역시,무응답,오프라인,N,N,N,N,N,N
53322669,202302,F,50대,강원도,700만원 이상,오프라인,N,N,N,N,N,N
53322797,202302,M,30대,강원도,700만원 이상,오프라인,N,N,N,N,N,N
53322851,202302,F,40대,강원도,500이상700만원 미만,오프라인,N,N,N,N,N,N
53322887,202302,M,50대,강원도,500이상700만원 미만,오프라인,N,N,N,N,N,N
53322893,202302,M,50대,강원도,300만원 미만,온라인,N,N,N,N,N,N
53322895,202302,F,40대,강원도,300이상500만원 미만,온라인,Y,N,N,N,N,N
53322914,202302,F,50대,강원도,300만원 미만,오프라인,N,N,N,N,N,N
53322926,202302,M,50대,강원도,300이상500만원 미만,오프라인,N,N,N,N,N,N
53322952,202302,F,50대,강원도,700만원 이상,온라인,N,N,N,N,N,N
53323081,202302,F,60대 이상,강원도,700만원 이상,오프라인,N,N,N,N,N,N
53323164,202302,F,30대,강원도,700만원 이상,오프라인,N,N,N,N,N,N
53323238,202302,F,40대,강원도,700만원 이상,오프라인,N,N,N,N,N,N
53323247,202302,M,60대 이상,강원도,500이상700만원 미만,오프라인,N,N,N,N,N,N
53323421,202302,M,20대,강원도,300이상500만원 미만,온라인,N,N,N,N,N,N
53323475,202302,M,30대,강원도,무응답,온라인,N,N,N,N,N,N
53323598,202302,M,40대,강원도,700만원 이상,오프라인,N,N,N,N,N,N
53323641,202302,M,40대,강원도,300만원 미만,오프라인,N,N,N,N,N,Y
53323656,202302,F,30대,강원도,300만원 미만,온라인,N,Y,N,Y,N,N
53323745,202302,M,50대,강원도,700만원 이상,오프라인,N,N,N,N,N,N
53323747,202302,M,60대 이상,강원도,500이상700만원 미만,오프라인,N,N,N,N,N,N
53323796,202302,F,50대,강원도,무응답,오프라인,N,N,N,N,N,N
53323844,202302,M,50대,강원도,무응답,오프라인,N,N,N,N,N,N
53323870,202302,M,50대,강원도,300이상500만원 미만,온라인,N,N,N,N,N,N
53323918,202302,F,40대,강원도,무응답,온라인,N,N,N,N,N,N
53324027,202302,F,50대,강원도,700만원 이상,온라인,N,N,N,N,N,N
53324051,202302,M,40대,강원도,700만원 이상,오프라인,N,N,N,N,N,N
53324088,202302,F,30대,강원도,500이상700만원 미만,온라인,N,N,N,N,N,N
53324122,202302,M,40대,강원도,700만원 이상,온라인,Y,N,N,N,Y,N
53324145,202302,F,50대,강원도,300이상500만원 미만,오프라인,N,N,N,N,N,N
53324339,202302,F,50대,강원도,무응답,온라인,N,N,N,N,N,N
53324374,202302,F,30대,강원도,700만원 이상,온라인,Y,N,N,N,N,N
53324391,202302,F,30대,강원도,500이상700만원 미만,오프라인,N,N,N,N,N,N
53324474,202302,F,20대,강원도,300만원 미만,오프라인,N,N,N,N,N,N
53324499,202302,F,20대,경상북도,700만원 이상,온라인,N,N,N,N,N,N
53324508,202302,F,50대,강원도,700만원 이상,오프라인,N,N,N,N,N,N
53324558,202302,F,20대,강원도,300만원 미만,오프라인,N,N,N,N,N,N
53324590,202302,F,20대,강원도,300만원 미만,온라인,N,N,N,N,N,N
53324654,202302,M,40대,강원도,무응답,온라인,N,N,N,N,N,N
53324848,202302,M,60대 이상,강원도,300만원 미만,오프라인,Y,Y,N,N,N,N
53324917,202302,M,50대,강원도,무응답,오프라인,N,N,N,N,N,N
53324954,202302,F,20대,강원도,무응답,온라인,N,N,N,N,N,N
53325027,202302,F,50대,강원도,700만원 이상,오프라인,N,N,N,N,N,N
53325078,202302,F,50대,강원도,500이상700만원 미만,온라인,N,N,N,Y,Y,N
53325096,202302,M,50대,강원도,300만원 미만,오프라인,N,N,N,N,N,N
53325237,202302,M,60대 이상,강원도,500이상700만원 미만,오프라인,N,N,N,N,N,N
53325324,202302,F,40대,강원도,300이상500만원 미만,오프라인,N,N,N,N,N,N
53325362,202302,F,50대,강원도,700만원 이상,오프라인,N,N,N,N,N,N
53325467,202302,F,50대,충청남도,300이상500만원 미만,오프라인,Y,N,N,N,N,N
53325557,202302,F,50대,부산광역시,500이상700만원 미만,온라인,N,N,N,N,N,N
53325599,202302,M,40대,인천광역시,700만원 이상,오프라인,Y,N,N,N,N,Y
53325627,202302,F,30대,세종특별자치시,500이상700만원 미만,온라인,N,N,N,N,N,N
53325645,202302,M,40대,강원도,300만원 미만,오프라인,N,N,N,N,N,N
53325795,202302,F,50대,강원도,700만원 이상,오프라인,N,N,N,N,N,N
53325817,202302,F,50대,강원도,무응답,온라인,N,N,N,N,N,N
53325886,202302,F,30대,강원도,300이상500만원 미만,오프라인,N,N,N,N,N,N
53325888,202302,M,40대,충청북도,700만원 이상,오프라인,N,N,N,N,N,N
53326004,202302,F,50대,대전광역시,700만원 이상,오프라인,N,N,N,N,N,N
53326051,202302,M,40대,강원도,300만원 미만,온라인,N,N,N,N,N,N
53326108,202302,F,50대,부산광역시,700만원 이상,오프라인,N,N,N,N,N,N
53326153,202302,M,40대,부산광역시,300만원 미만,오프라인,N,Y,N,N,N,N
53326184,202302,M,50대,경기도,300만원 미만,오프라인,N,N,N,N,N,N
53326193,202302,M,60대 이상,부산광역시,700만원 이상,오프라인,N,N,N,N,N,N
53326347,202302,F,30대,충청남도,700만원 이상,온라인,Y,N,N,Y,N,N
53326350,202302,M,50대,강원도,300만원 미만,온라인,N,N,N,N,N,N
53326520,202302,M,50대,강원도,무응답,오프라인,N,N,N,N,N,N
53326564,202302,M,30대,부산광역시,300만원 미만,오프라인,Y,N,N,N,N,N
53326688,202302,F,30대,경상북도,300이상500만원 미만,온라인,Y,N,N,N,N,N
53326769,202302,F,20대,충청남도,300만원 미만,오프라인,N,N,N,N,N,N
53326804,202302,M,30대,경상남도,300만원 미만,온라인,Y,N,N,N,N,N
53326871,202302,M,60대 이상,경상남도,300만원 미만,온라인,N,N,N,N,N,N
53326875,202302,M,30대,강원도,300이상500만원 미만,온라인,N,N,Y,N,N,N
53327008,202302,F,50대,전라북도,무응답,오프라인,N,N,N,N,N,N
53327070,202302,F,60대 이상,경기도,300이상500만원 미만,오프라인,N,N,N,N,N,N
53327155,202302,F,40대,충청남도,300이상500만원 미만,온라인,N,N,N,N,N,N
53327311,202302,M,60대 이상,광주광역시,300만원 미만,오프라인,N,N,N,N,N,N
53327481,202302,M,30대,전라북도,무응답,오프라인,N,N,N,N,N,N
53327488,202302,M,40대,부산광역시,300만원 미만,오프라인,N,N,N,N,N,N
53327800,202302,M,20대,경상북도,500이상700만원 미만,오프라인,N,N,N,N,N,N
53327824,202302,M,60대 이상,경기도,300만원 미만,온라인,N,N,N,N,N,N
53327828,202302,M,50대,부산광역시,500이상700만원 미만,온라인,N,N,N,N,N,Y
53327838,202302,M,30대,서울특별시,500이상700만원 미만,오프라인,N,N,N,N,N,N
53327843,202302,M,40대,충청남도,300이상500만원 미만,온라인,N,N,N,N,N,N
53327887,202302,F,30대,서울특별시,300이상500만원 미만,오프라인,N,N,N,N,N,N
53328005,202302,M,60대 이상,대구광역시,300이상500만원 미만,오프라인,N,Y,N,N,N,N
53328030,202302,F,20대,부산광역시,500이상700만원 미만,오프라인,N,N,N,N,N,N
53328184,202302,F,50대,강원도,300만원 미만,오프라인,N,N,N,N,N,N
53328286,202302,M,40대,부산광역시,500이상700만원 미만,온라인,N,N,N,N,N,N
53328571,202302,F,30대,대전광역시,700만원 이상,온라인,N,N,N,N,N,N
53328625,202302,M,30대,강원도,700만원 이상,오프라인,N,N,N,N,N,N
53328657,202302,F,20대,서울특별시,무응답,온라인,N,N,N,N,N,N
53328661,202302,F,20대,부산광역시,700만원 이상,오프라인,N,Y,N,N,N,N
53328793,202302,F,40대,충청남도,700만원 이상,온라인,N,N,N,N,N,N
53328884,202302,F,40대,충청북도,300만원 미만,온라인,N,N,N,N,N,N
53329002,202302,F,40대,부산광역시,500이상700만원 미만,오프라인,N,N,N,N,N,N
53329069,202302,F,40대,부산광역시,무응답,오프라인,N,N,N,N,N,N
53329365,202302,F,60대 이상,부산광역시,300이상500만원 미만,온라인,N,N,N,N,N,N
53329401,202302,M,40대,경기도,300만원 미만,온라인,N,N,N,N,N,N
53329428,202302,M,30대,제주특별자치도,700만원 이상,온라인,N,N,Y,N,N,N
53329461,202302,F,30대,부산광역시,500이상700만원 미만,온라인,N,N,N,N,N,N
53329514,202302,F,40대,대구광역시,300이상500만원 미만,온라인,N,N,N,N,N,N
53329595,202302,F,50대,경상남도,500이상700만원 미만,오프라인,N,N,N,N,N,N
53329596,202302,F,40대,울산광역시,300이상500만원 미만,온라인,Y,N,Y,N,N,Y
53329637,202302,F,30대,경기도,500이상700만원 미만,온라인,N,N,N,N,N,N
53329714,202302,M,30대,부산광역시,300이상500만원 미만,오프라인,N,N,N,N,N,N
53329716,202302,M,30대,강원도,500이상700만원 미만,오프라인,N,N,N,N,N,N
53329724,202302,F,50대,충청남도,500이상700만원 미만,온라인,N,N,N,N,N,N
53329728,202302,M,40대,강원도,무응답,오프라인,N,N,N,N,N,N
53329738,202302,F,50대,부산광역시,500이상700만원 미만,온라인,Y,N,N,N,N,N
53329778,202302,M,40대,경기도,무응답,온라인,Y,N,N,N,N,N
53329840,202302,F,40대,경상북도,300이상500만원 미만,오프라인,N,N,N,N,N,N
53329865,202302,F,30대,부산광역시,700만원 이상,오프라인,N,N,N,N,N,N
53329881,202302,F,30대,경상북도,무응답,오프라인,N,N,N,N,N,N
53329883,202302,M,50대,강원도,300이상500만원 미만,오프라인,N,N,N,N,N,N
53329888,202302,M,50대,경상북도,700만원 이상,오프라인,N,N,N,N,N,N
53329910,202302,M,40대,전라북도,300이상500만원 미만,오프라인,N,N,N,N,N,N
53330016,202302,F,20대,대구광역시,무응답,오프라인,Y,N,N,N,N,N
53330036,202302,F,40대,경상북도,700만원 이상,온라인,N,N,N,N,N,N
53330050,202302,M,30대,광주광역시,300이상500만원 미만,온라인,N,N,N,N,N,N
53330057,202302,F,20대,경상남도,700만원 이상,온라인,N,N,N,N,N,N
53330159,202302,M,50대,부산광역시,700만원 이상,오프라인,N,N,N,N,N,N
53330193,202302,F,40대,부산광역시,300이상500만원 미만,오프라인,N,N,N,N,N,N
53330210,202302,M,60대 이상,세종특별자치시,무응답,오프라인,Y,Y,N,N,N,Y
53330215,202302,F,30대,강원도,무응답,오프라인,N,N,N,N,N,N
53330417,202302,M,50대,전라북도,700만원 이상,온라인,N,N,N,N,N,N
53330428,202302,M,50대,부산광역시,700만원 이상,오프라인,N,N,N,N,N,N
53330507,202302,F,30대,경상북도,300만원 미만,온라인,N,N,Y,N,Y,N
53330538,202302,F,40대,부산광역시,300이상500만원 미만,온라인,N,N,N,N,N,N
53330540,202302,F,30대,경상북도,500이상700만원 미만,오프라인,N,N,N,N,N,N
53330618,202302,F,30대,부산광역시,700만원 이상,오프라인,N,N,N,N,N,N
53330619,202302,M,60대 이상,강원도,700만원 이상,온라인,N,N,N,N,N,N
53330760,202302,F,20대,부산광역시,700만원 이상,오프라인,N,N,N,N,N,N
53330875,202302,M,60대 이상,부산광역시,500이상700만원 미만,오프라인,N,N,N,N,N,N
53330930,202302,F,30대,강원도,700만원 이상,온라인,N,N,N,N,N,N
53330934,202302,M,40대,대구광역시,300만원 미만,오프라인,N,N,N,N,N,N
53331013,202302,M,40대,대구광역시,700만원 이상,온라인,N,N,N,N,N,N
53331102,202302,M,50대,강원도,700만원 이상,온라인,N,N,N,N,N,N
53331179,202302,F,40대,광주광역시,300만원 미만,오프라인,N,N,N,N,N,N
53331241,202302,F,40대,부산광역시,300만원 미만,온라인,N,N,N,N,N,N
53331281,202302,F,40대,경기도,500이상700만원 미만,오프라인,N,N,N,N,N,N
53331287,202302,F,40대,경기도,300이상500만원 미만,온라인,N,N,N,N,N,N
53331295,202302,F,30대,부산광역시,700만원 이상,오프라인,N,N,N,N,N,N
53331312,202302,M,50대,부산광역시,무응답,오프라인,N,N,N,N,N,N
53331344,202302,M,40대,광주광역시,300만원 미만,온라인,N,N,N,N,N,N
53331437,202302,F,60대 이상,제주특별자치도,500이상700만원 미만,오프라인,N,N,N,N,N,N
53331491,202302,M,50대,경기도,500이상700만원 미만,오프라인,N,N,N,N,N,N
53331522,202302,M,30대,경상남도,무응답,온라인,N,N,N,N,N,N
53331751,202302,M,40대,경상북도,무응답,오프라인,N,Y,N,N,N,N
53331752,202302,M,30대,대전광역시,무응답,온라인,N,N,N,N,Y,N
53331837,202302,F,40대,대구광역시,300이상500만원 미만,온라인,N,Y,N,N,N,N
53331888,202302,F,40대,경기도,300만원 미만,오프라인,N,N,N,N,N,N
53332018,202302,F,50대,부산광역시,300이상500만원 미만,오프라인,N,N,N,N,N,N
53332028,202302,F,30대,충청남도,300이상500만원 미만,온라인,N,Y,N,N,N,N
53332051,202302,M,60대 이상,경상북도,700만원 이상,온라인,N,N,N,N,N,N
53332054,202302,M,50대,부산광역시,700만원 이상,온라인,N,N,N,N,N,N
53332057,202302,M,60대 이상,제주특별자치도,300만원 미만,온라인,N,N,N,N,Y,N
53332104,202302,M,30대,강원도,700만원 이상,온라인,N,N,N,N,Y,N
53332131,202302,F,50대,부산광역시,700만원 이상,오프라인,N,N,N,N,N,N
53332265,202302,M,40대,경상북도,700만원 이상,온라인,N,N,N,N,N,N
53332462,202302,F,50대,울산광역시,700만원 이상,온라인,N,N,N,N,N,N
53332616,202302,F,20대,부산광역시,무응답,온라인,N,N,N,N,N,N
53332622,202302,F,30대,부산광역시,300이상500만원 미만,온라인,N,N,N,N,N,Y
53332637,202302,M,20대,경기도,700만원 이상,온라인,Y,N,N,Y,Y,N
53332658,202302,M,60대 이상,충청남도,300이상500만원 미만,오프라인,N,N,N,N,N,N
53332693,202302,F,50대,경상북도,300이상500만원 미만,온라인,N,N,N,N,N,N
53332741,202302,M,50대,부산광역시,300이상500만원 미만,온라인,N,N,N,N,N,N
53332760,202302,F,40대,부산광역시,무응답,오프라인,N,N,N,N,N,N
53332782,202302,F,60대 이상,울산광역시,500이상700만원 미만,오프라인,N,N,N,N,N,N
53332795,202302,M,30대,충청남도,500이상700만원 미만,오프라인,N,N,N,N,N,N
53332854,202302,F,20대,경상북도,700만원 이상,오프라인,N,N,N,N,N,N
53332963,202302,M,50대,세종특별자치시,500이상700만원 미만,온라인,Y,N,N,N,N,N
53332976,202302,M,60대 이상,강원도,300이상500만원 미만,온라인,N,N,N,N,N,N
53333162,202302,F,40대,경기도,300이상500만원 미만,온라인,N,N,N,N,N,N
53333330,202302,F,40대,대전광역시,700만원 이상,오프라인,N,N,N,N,N,N
53333349,202302,M,20대,경기도,300만원 미만,오프라인,N,N,N,N,N,N
53333353,202302,M,60대 이상,부산광역시,300이상500만원 미만,오프라인,N,N,N,N,N,N
53333434,202302,F,20대,제주특별자치도,300만원 미만,오프라인,N,N,N,N,N,N
53333543,202302,F,40대,부산광역시,500이상700만원 미만,오프라인,N,N,N,N,N,N
53333579,202302,F,40대,강원도,300만원 미만,오프라인,N,N,N,N,N,N
53333643,202302,M,50대,경기도,700만원 이상,오프라인,N,N,N,N,N,N
53333839,202302,F,20대,대구광역시,무응답,오프라인,Y,Y,N,N,N,N
53333848,202302,M,40대,부산광역시,700만원 이상,오프라인,N,N,N,N,N,Y
53333873,202302,M,40대,전라남도,500이상700만원 미만,오프라인,N,N,N,N,N,N
53333986,202302,M,50대,경상북도,300만원 미만,오프라인,N,N,N,N,N,N
53334170,202302,M,30대,충청북도,300이상500만원 미만,오프라인,N,N,N,N,N,N
53334195,202302,F,50대,강원도,무응답,온라인,N,N,N,N,N,N
53334233,202302,F,40대,세종특별자치시,무응답,온라인,Y,N,N,Y,N,N
53334330,202302,M,30대,강원도,300이상500만원 미만,오프라인,N,N,N,N,N,N
53334363,202302,F,50대,대구광역시,300이상500만원 미만,온라인,N,N,N,N,N,N
53334433,202302,M,20대,경상북도,300이상500만원 미만,오프라인,N,N,N,N,N,N
53334436,202302,M,40대,광주광역시,500이상700만원 미만,오프라인,N,N,N,N,N,N
53334467,202302,F,50대,경기도,무응답,온라인,N,Y,N,N,N,N
53334484,202302,F,20대,충청남도,300이상500만원 미만,온라인,N,N,N,N,N,N
53334507,202302,M,50대,부산광역시,300만원 미만,온라인,N,N,N,N,N,N
53334546,202302,M,20대,경상북도,700만원 이상,온라인,N,N,N,N,N,N
53334556,202302,M,20대,세종특별자치시,무응답,오프라인,N,N,N,N,N,N
53334618,202302,F,40대,강원도,무응답,오프라인,N,N,N,N,N,N
53334717,202302,M,50대,광주광역시,700만원 이상,오프라인,N,N,N,N,N,N
53334831,202302,F,50대,강원도,700만원 이상,온라인,N,N,N,N,N,N
53334879,202302,F,30대,부산광역시,700만원 이상,오프라인,N,N,N,N,N,N
53334902,202302,M,40대,울산광역시,300만원 미만,오프라인,N,N,N,N,N,N
53334946,202302,F,50대,강원도,무응답,오프라인,N,N,N,N,N,N
53335321,202302,M,40대,대구광역시,700만원 이상,온라인,N,N,N,N,N,N
53335358,202302,F,60대 이상,강원도,300만원 미만,온라인,N,N,N,N,N,N
53335385,202302,F,30대,강원도,500이상700만원 미만,오프라인,N,N,N,N,N,N
53335475,202302,M,60대 이상,울산광역시,300이상500만원 미만,오프라인,N,N,N,N,N,N
53335523,202302,F,50대,광주광역시,500이상700만원 미만,오프라인,N,N,N,N,N,N
53335542,202302,F,50대,광주광역시,300이상500만원 미만,온라인,N,N,N,N,N,N
53335544,202302,F,50대,경기도,700만원 이상,오프라인,N,N,N,N,N,N
53335586,202302,F,60대 이상,대구광역시,700만원 이상,온라인,N,N,N,N,N,N
53335600,202302,M,30대,경상남도,700만원 이상,온라인,N,N,N,N,N,N
53335626,202302,M,60대 이상,경기도,700만원 이상,온라인,N,N,N,N,N,N
53335686,202302,F,30대,울산광역시,300이상500만원 미만,오프라인,N,N,N,N,N,N
53335780,202302,M,50대,부산광역시,700만원 이상,오프라인,N,Y,N,N,N,N
53335795,202302,M,60대 이상,광주광역시,700만원 이상,오프라인,N,N,N,N,N,N
53335827,202302,M,30대,경기도,300만원 미만,온라인,N,N,N,N,N,N
53335833,202302,F,40대,충청남도,700만원 이상,온라인,N,N,N,N,N,N
53335864,202302,M,60대 이상,대전광역시,300만원 미만,오프라인,N,N,N,N,N,N
53335939,202302,M,30대,광주광역시,500이상700만원 미만,오프라인,N,N,N,N,N,N
53336012,202302,F,50대,경기도,300이상500만원 미만,오프라인,N,N,N,N,N,N
53336029,202302,F,50대,강원도,무응답,오프라인,N,N,N,N,N,N
53336035,202302,F,40대,울산광역시,300이상500만원 미만,온라인,N,N,N,N,N,N
53336268,202302,M,40대,울산광역시,300이상500만원 미만,오프라인,N,N,N,N,N,N
53336290,202302,F,40대,전라북도,500이상700만원 미만,온라인,N,N,N,N,N,N
53336486,202302,M,60대 이상,부산광역시,300이상500만원 미만,온라인,N,N,N,N,N,N
53336536,202302,F,20대,경상남도,무응답,온라인,N,N,N,N,N,N
53336558,202302,F,40대,인천광역시,700만원 이상,오프라인,N,N,N,N,N,N
53336575,202302,F,20대,부산광역시,무응답,온라인,N,N,N,N,N,N
53336728,202302,M,50대,전라남도,500이상700만원 미만,오프라인,N,N,N,N,N,N
53336768,202302,M,40대,울산광역시,500이상700만원 미만,오프라인,N,N,N,N,N,N
53336956,202302,M,60대 이상,강원도,700만원 이상,온라인,N,Y,N,N,N,N
53337030,202302,M,60대 이상,부산광역시,300만원 미만,온라인,N,N,N,N,N,N
53337040,202302,F,40대,강원도,700만원 이상,온라인,Y,N,N,N,N,N
53337074,202302,F,60대 이상,경상북도,무응답,온라인,N,N,N,N,N,N
53337107,202302,M,40대,부산광역시,500이상700만원 미만,오프라인,N,N,N,N,N,N
53337158,202302,M,50대,부산광역시,무응답,온라인,N,N,N,N,N,N
53337247,202302,F,30대,강원도,무응답,오프라인,N,N,N,N,N,N
53337403,202302,F,30대,세종특별자치시,500이상700만원 미만,온라인,N,N,N,N,N,N
53337411,202302,F,60대 이상,부산광역시,300만원 미만,온라인,N,N,N,N,N,N
53337427,202302,F,40대,충청남도,300이상500만원 미만,온라인,N,N,N,N,N,N
53337441,202302,F,40대,전라남도,300이상500만원 미만,온라인,N,N,N,N,N,N
53337476,202302,F,30대,경상북도,300만원 미만,오프라인,N,N,N,N,N,N
53337581,202302,F,20대,경상북도,300만원 미만,온라인,N,Y,N,N,N,Y
53337765,202302,F,60대 이상,경기도,무응답,온라인,N,Y,N,N,N,Y
53337805,202302,F,20대,충청남도,700만원 이상,오프라인,N,N,N,N,N,N
53337992,202302,F,40대,제주특별자치도,300이상500만원 미만,오프라인,N,N,N,N,N,N
53338057,202302,F,20대,충청북도,무응답,오프라인,N,N,N,N,N,N
53338080,202302,F,20대,부산광역시,300이상500만원 미만,오프라인,N,N,N,N,N,N
53338242,202302,F,60대 이상,강원도,300만원 미만,온라인,N,N,N,N,N,N
53338379,202302,M,50대,울산광역시,무응답,온라인,N,N,N,N,N,N
53338506,202302,M,30대,부산광역시,무응답,온라인,N,N,N,N,N,N
53338531,202302,M,30대,부산광역시,300만원 미만,오프라인,N,N,N,N,N,N
53338697,202302,M,40대,부산광역시,700만원 이상,온라인,N,N,N,N,N,N
53338703,202302,F,40대,광주광역시,300이상500만원 미만,오프라인,N,N,N,N,N,N
53338839,202302,M,30대,강원도,300만원 미만,온라인,N,Y,N,N,N,N
53338849,202302,F,20대,제주특별자치도,500이상700만원 미만,오프라인,N,N,N,N,N,N
53338881,202302,M,50대,충청남도,500이상700만원 미만,온라인,N,N,N,N,N,N
53338950,202302,F,40대,부산광역시,300이상500만원 미만,오프라인,N,N,N,N,N,N
53338964,202302,F,20대,서울특별시,300만원 미만,온라인,N,N,N,N,N,N
53338978,202302,M,30대,부산광역시,300만원 미만,온라인,N,N,N,N,N,N
53339060,202302,M,60대 이상,강원도,300만원 미만,오프라인,N,N,N,N,N,N
53339202,202302,F,40대,강원도,700만원 이상,오프라인,N,N,N,N,N,N
53339210,202302,M,40대,부산광역시,500이상700만원 미만,온라인,N,N,N,N,N,N
53339212,202302,F,60대 이상,강원도,무응답,오프라인,N,N,N,N,N,N
53339248,202302,M,60대 이상,서울특별시,300만원 미만,온라인,N,N,N,N,N,N
53339545,202302,F,30대,부산광역시,300이상500만원 미만,오프라인,N,N,N,N,N,N
53339565,202302,M,40대,제주특별자치도,300만원 미만,오프라인,N,N,N,N,N,N
53339573,202302,M,40대,부산광역시,700만원 이상,온라인,N,N,N,N,N,N
53339647,202302,M,40대,세종특별자치시,300만원 미만,오프라인,N,N,N,N,N,N
53339711,202302,F,50대,경상남도,300만원 미만,오프라인,N,N,N,N,N,N
53339723,202302,F,40대,부산광역시,300만원 미만,온라인,N,N,N,N,N,N
53339829,202302,F,40대,울산광역시,700만원 이상,오프라인,Y,Y,N,N,N,N
53339894,202302,M,50대,제주특별자치도,무응답,온라인,Y,N,N,N,N,N
53339922,202302,M,30대,강원도,300만원 미만,온라인,N,N,Y,N,N,N
53339950,202302,M,30대,충청남도,300만원 미만,온라인,N,N,N,N,N,N
53340016,202302,M,40대,부산광역시,500이상700만원 미만,오프라인,N,N,N,N,N,N
53340178,202302,M,40대,부산광역시,700만원 이상,온라인,Y,N,N,Y,N,N
53340193,202302,M,40대,대구광역시,500이상700만원 미만,오프라인,N,N,N,N,N,N
53340231,202302,F,40대,경상남도,500이상700만원 미만,온라인,Y,Y,N,N,N,N
53340240,202302,F,30대,충청북도,무응답,온라인,N,N,N,N,N,N
53340256,202302,F,60대 이상,경상북도,700만원 이상,오프라인,N,N,N,N,N,N
53340286,202302,M,50대,부산광역시,300만원 미만,온라인,N,N,N,N,N,N
53340306,202302,F,40대,부산광역시,500이상700만원 미만,온라인,Y,N,N,N,N,Y
53340347,202302,F,50대,대구광역시,300이상500만원 미만,온라인,N,N,N,N,N,N
53340551,202302,F,40대,충청남도,500이상700만원 미만,온라인,N,N,N,N,N,N
53340574,202302,M,40대,대구광역시,300이상500만원 미만,온라인,N,N,N,N,N,N
53340589,202302,M,50대,강원도,500이상700만원 미만,온라인,N,N,N,N,N,N
53340602,202302,M,60대 이상,경상남도,500이상700만원 미만,오프라인,Y,N,N,N,N,N
53340625,202302,F,30대,울산광역시,300만원 미만,온라인,N,N,N,N,N,N
53340725,202302,M,60대 이상,경상북도,300이상500만원 미만,온라인,Y,N,N,Y,N,N
53340736,202302,M,60대 이상,부산광역시,500이상700만원 미만,오프라인,N,N,N,N,N,N
53340776,202302,M,40대,부산광역시,500이상700만원 미만,오프라인,N,N,N,N,N,N
53340818,202302,F,30대,강원도,무응답,온라인,N,N,N,N,N,N
53340988,202302,F,40대,울산광역시,무응답,온라인,Y,N,N,N,N,N
53341008,202302,F,40대,경상북도,500이상700만원 미만,오프라인,N,N,N,N,N,N
53341111,202302,F,40대,경상북도,300이상500만원 미만,온라인,N,N,N,N,N,N
53341125,202302,F,30대,대구광역시,300만원 미만,오프라인,N,N,N,N,N,N
53341133,202302,F,50대,광주광역시,300이상500만원 미만,오프라인,N,N,N,N,N,N
53341134,202302,F,50대,울산광역시,300만원 미만,오프라인,N,N,N,N,N,N
53341146,202302,F,20대,강원도,무응답,온라인,N,N,N,N,N,N
53341155,202302,F,40대,충청남도,300만원 미만,오프라인,N,N,N,N,N,N
53341177,202302,F,20대,대구광역시,무응답,온라인,Y,N,N,N,N,N
53341199,202302,F,30대,경기도,300만원 미만,오프라인,N,N,N,N,N,N
53341215,202302,F,60대 이상,부산광역시,700만원 이상,온라인,N,N,N,N,N,N
53341244,202302,M,60대 이상,부산광역시,700만원 이상,온라인,N,N,N,N,N,N
53341261,202302,F,50대,경기도,500이상700만원 미만,오프라인,N,N,N,N,N,N
53341282,202302,F,50대,경상북도,500이상700만원 미만,오프라인,N,N,N,N,N,N
53341288,202302,F,40대,강원도,500이상700만원 미만,오프라인,N,N,N,N,N,N
53341325,202302,F,50대,부산광역시,300만원 미만,온라인,N,N,N,N,N,N
53341336,202302,M,60대 이상,충청남도,300만원 미만,오프라인,N,N,N,N,N,N
53341367,202302,F,20대,경상북도,무응답,온라인,N,N,N,N,N,N
53341434,202302,M,40대,부산광역시,700만원 이상,오프라인,N,N,N,N,N,N
53341492,202302,F,50대,부산광역시,300이상500만원 미만,온라인,N,N,N,N,N,N
53341507,202302,M,40대,강원도,700만원 이상,온라인,N,N,N,N,N,N
53341508,202302,F,60대 이상,서울특별시,300이상500만원 미만,오프라인,N,N,N,N,N,N
53341520,202302,M,30대,부산광역시,700만원 이상,온라인,N,N,N,N,N,N
53341547,202302,M,30대,경상남도,700만원 이상,온라인,Y,N,N,Y,Y,N
53341691,202302,F,30대,충청북도,500이상700만원 미만,온라인,N,N,N,N,N,N
53341816,202302,M,30대,경상남도,300만원 미만,온라인,N,N,N,N,N,N
53341817,202302,M,50대,강원도,300만원 미만,온라인,N,N,N,N,N,N
53341875,202302,F,50대,강원도,300만원 미만,오프라인,N,N,N,N,N,N
53341891,202302,F,30대,부산광역시,300만원 미만,온라인,N,N,N,N,N,N
53341992,202302,F,30대,대전광역시,500이상700만원 미만,온라인,N,N,N,N,N,N
53342027,202302,F,30대,경상남도,무응답,오프라인,N,N,N,N,N,N
53342239,202302,M,30대,제주특별자치도,무응답,온라인,N,N,N,N,N,N
53342329,202302,M,40대,경상북도,300만원 미만,오프라인,N,N,N,N,N,N
53342332,202302,M,30대,대구광역시,500이상700만원 미만,온라인,N,N,N,N,N,N
53342493,202302,M,20대,부산광역시,무응답,오프라인,N,N,N,N,N,N
53342556,202302,M,60대 이상,광주광역시,300이상500만원 미만,온라인,N,N,N,N,N,N
53342631,202302,M,30대,강원도,500이상700만원 미만,오프라인,N,N,N,N,N,N
53342760,202302,M,30대,부산광역시,300이상500만원 미만,오프라인,N,N,N,N,N,N
53342773,202302,M,30대,부산광역시,300만원 미만,오프라인,N,N,N,N,N,N
53342809,202302,F,60대 이상,경상북도,무응답,오프라인,N,N,N,N,N,N
53342876,202302,F,50대,울산광역시,500이상700만원 미만,온라인,N,N,N,N,N,N
53342915,202302,F,30대,부산광역시,700만원 이상,온라인,N,N,N,N,N,N
53343018,202302,M,40대,강원도,무응답,오프라인,N,N,N,N,N,N
53343024,202302,M,60대 이상,강원도,500이상700만원 미만,온라인,N,N,N,N,N,N
53343051,202302,M,40대,강원도,700만원 이상,오프라인,N,N,N,N,N,N
53343109,202302,M,30대,부산광역시,300만원 미만,온라인,N,N,N,N,N,N
53343117,202302,F,30대,울산광역시,무응답,오프라인,N,N,N,N,N,N
53343169,202302,M,40대,부산광역시,300이상500만원 미만,오프라인,N,N,N,N,N,N
53343187,202302,M,30대,전라남도,300이상500만원 미만,온라인,N,N,N,N,N,N
53343242,202302,M,30대,세종특별자치시,300이상500만원 미만,온라인,N,N,N,N,N,N
53343313,202302,F,60대 이상,대전광역시,300만원 미만,오프라인,N,N,N,N,N,N
53343351,202302,F,40대,경상북도,무응답,온라인,N,N,N,N,N,N
53343397,202302,F,20대,강원도,300만원 미만,온라인,N,N,N,N,N,N
53343449,202302,M,20대,강원도,300만원 미만,오프라인,N,N,Y,N,N,N
53343494,202302,M,40대,충청남도,300만원 미만,온라인,N,N,N,N,N,N
53343541,202302,F,20대,강원도,무응답,온라인,N,Y,N,N,N,N
53343547,202302,M,30대,강원도,300이상500만원 미만,온라인,N,N,N,N,N,N
53343561,202302,M,60대 이상,부산광역시,300만원 미만,온라인,N,N,N,N,N,N
53343565,202302,F,20대,부산광역시,300만원 미만,오프라인,N,N,Y,N,N,Y
53343673,202302,F,40대,부산광역시,500이상700만원 미만,오프라인,N,N,N,N,N,N
53343738,202302,F,40대,부산광역시,300이상500만원 미만,오프라인,N,N,N,N,N,N
53343768,202302,F,20대,서울특별시,300이상500만원 미만,오프라인,N,N,N,N,N,N
53343812,202302,F,50대,충청북도,500이상700만원 미만,오프라인,N,N,N,N,N,N
53343951,202302,F,30대,경상북도,무응답,온라인,N,N,N,N,N,N
53343984,202302,M,40대,강원도,300만원 미만,온라인,N,N,N,N,N,N
53344004,202302,M,30대,충청북도,300만원 미만,오프라인,N,N,N,N,N,N
53344006,202302,M,30대,제주특별자치도,무응답,오프라인,N,N,N,N,N,N
53344034,202302,M,60대 이상,서울특별시,300만원 미만,오프라인,N,N,N,N,N,N
53344069,202302,M,40대,강원도,300만원 미만,온라인,N,N,N,N,N,N
53344091,202302,F,30대,부산광역시,무응답,온라인,N,N,N,N,N,N
53344095,202302,F,20대,서울특별시,700만원 이상,오프라인,N,N,N,N,N,N
53344166,202302,M,50대,대전광역시,700만원 이상,온라인,Y,N,N,N,N,N
53344178,202302,F,40대,충청북도,700만원 이상,오프라인,N,N,N,N,N,N
53344219,202302,F,30대,광주광역시,300만원 미만,오프라인,N,N,N,N,N,N
53344325,202302,F,40대,부산광역시,300이상500만원 미만,오프라인,N,N,N,N,N,N
53344335,202302,M,40대,부산광역시,700만원 이상,온라인,N,Y,N,N,N,N
53344338,202302,M,40대,대구광역시,700만원 이상,오프라인,N,N,N,N,N,N
53344417,202302,F,60대 이상,부산광역시,300만원 미만,온라인,N,N,N,N,N,N
53344462,202302,M,30대,울산광역시,300만원 미만,오프라인,N,N,N,N,N,N
53344498,202302,F,20대,전라북도,500이상700만원 미만,온라인,N,N,N,N,N,N
53344549,202302,F,30대,강원도,무응답,온라인,N,N,N,N,N,N
53344578,202302,F,40대,부산광역시,300이상500만원 미만,오프라인,N,Y,N,N,N,N
53344607,202302,F,60대 이상,충청남도,무응답,온라인,N,N,N,N,N,N
53344656,202302,M,50대,부산광역시,700만원 이상,오프라인,N,N,N,N,N,N
53344711,202302,F,20대,울산광역시,500이상700만원 미만,오프라인,N,N,N,N,N,N
53344786,202302,M,60대 이상,강원도,무응답,오프라인,N,N,N,N,N,N
53344979,202302,M,40대,경상남도,300만원 미만,온라인,N,N,N,N,N,N
53345069,202302,M,40대,세종특별자치시,700만원 이상,온라인,N,N,N,N,N,N
53345308,202302,F,20대,강원도,300만원 미만,온라인,Y,N,Y,N,N,Y
53345315,202302,F,30대,부산광역시,무응답,오프라인,N,N,N,N,N,N
53345331,202302,M,40대,제주특별자치도,300만원 미만,오프라인,N,N,N,N,N,N
53345603,202302,F,40대,강원도,300만원 미만,온라인,N,N,N,N,N,N
53345647,202302,M,40대,전라북도,700만원 이상,온라인,N,N,N,Y,N,N
53345810,202302,F,40대,경상남도,500이상700만원 미만,오프라인,N,N,N,N,N,N
53345827,202302,F,40대,부산광역시,500이상700만원 미만,오프라인,N,N,N,N,N,N
53345933,202302,F,60대 이상,강원도,300만원 미만,오프라인,N,N,N,N,N,N
53346063,202302,F,60대 이상,부산광역시,700만원 이상,온라인,N,N,N,N,N,N
53346110,202302,M,20대,전라북도,무응답,오프라인,N,N,N,N,N,N
53346218,202302,M,60대 이상,부산광역시,700만원 이상,온라인,N,N,N,N,N,N
53346315,202302,M,40대,부산광역시,300만원 미만,온라인,N,N,N,N,N,N
53346323,202302,M,30대,부산광역시,700만원 이상,오프라인,N,N,N,N,N,N
53346349,202302,M,20대,부산광역시,무응답,온라인,N,N,N,N,N,N
53346397,202302,F,40대,강원도,무응답,온라인,N,N,N,N,N,N
53346401,202302,F,50대,충청북도,무응답,온라인,N,N,N,N,N,N
53346408,202302,M,20대,제주특별자치도,무응답,온라인,Y,N,N,N,N,N
53346461,202302,M,20대,서울특별시,300만원 미만,오프라인,N,N,N,N,N,N
53346475,202302,M,60대 이상,부산광역시,300만원 미만,온라인,N,Y,N,N,N,N
53346483,202302,M,20대,부산광역시,무응답,오프라인,N,N,Y,N,N,N
53346547,202302,M,30대,부산광역시,300이상500만원 미만,오프라인,N,N,N,N,N,N
53346555,202302,M,40대,부산광역시,무응답,오프라인,N,N,N,N,N,N
53346631,202302,F,20대,대전광역시,500이상700만원 미만,온라인,Y,N,N,Y,N,Y
53346700,202302,M,60대 이상,경상북도,500이상700만원 미만,온라인,N,N,N,N,N,N
53346703,202302,M,30대,부산광역시,700만원 이상,온라인,N,N,N,N,N,N
53346742,202302,M,50대,전라남도,무응답,온라인,N,N,N,N,N,N
53346870,202302,M,20대,서울특별시,300만원 미만,오프라인,N,N,N,N,N,N
53346873,202302,F,40대,강원도,700만원 이상,온라인,N,N,N,N,N,N
53346882,202302,M,40대,강원도,300이상500만원 미만,오프라인,N,N,N,N,N,N
53346988,202302,M,30대,세종특별자치시,300만원 미만,오프라인,N,N,N,N,N,N
53347040,202302,F,30대,전라남도,300만원 미만,오프라인,N,N,N,N,N,N
53347041,202302,F,40대,부산광역시,500이상700만원 미만,오프라인,N,N,N,N,N,N
53347045,202302,M,30대,충청남도,500이상700만원 미만,오프라인,N,N,N,N,N,N
53347049,202302,F,30대,강원도,700만원 이상,오프라인,N,N,N,N,N,N
53347108,202302,M,30대,서울특별시,300만원 미만,온라인,N,N,N,N,N,N
53347140,202302,M,30대,세종특별자치시,300이상500만원 미만,온라인,N,N,N,N,N,N
53347177,202302,M,30대,부산광역시,500이상700만원 미만,오프라인,N,N,N,N,N,N
53347234,202302,M,30대,울산광역시,500이상700만원 미만,오프라인,N,N,N,N,N,N
53347266,202302,M,30대,부산광역시,300이상500만원 미만,오프라인,N,N,N,N,N,N
53347404,202302,F,50대,강원도,700만원 이상,오프라인,N,N,N,N,N,N
53347428,202302,M,30대,경기도,500이상700만원 미만,온라인,N,N,N,N,N,N
53347477,202302,F,40대,경상남도,500이상700만원 미만,온라인,N,N,N,N,N,N
53347549,202302,M,30대,충청남도,300만원 미만,온라인,N,N,N,N,N,N
53347570,202302,M,30대,강원도,700만원 이상,온라인,N,N,N,N,N,N
53347638,202302,M,50대,강원도,700만원 이상,오프라인,Y,Y,N,N,N,N
53347665,202302,F,50대,충청남도,500이상700만원 미만,오프라인,N,N,N,N,N,N
53347684,202302,M,50대,대구광역시,300만원 미만,온라인,N,N,N,N,N,N
53347733,202302,F,30대,대전광역시,500이상700만원 미만,온라인,N,N,N,N,N,N
53347766,202302,M,50대,경상북도,700만원 이상,온라인,N,N,N,N,N,N
53347832,202302,F,60대 이상,강원도,무응답,온라인,N,N,N,N,N,N
53347833,202302,F,30대,경기도,500이상700만원 미만,온라인,N,N,N,N,N,N
53347850,202302,M,50대,부산광역시,500이상700만원 미만,온라인,N,N,N,N,N,N
53347961,202302,F,40대,부산광역시,300이상500만원 미만,오프라인,N,N,N,N,N,N
53348052,202302,M,50대,부산광역시,300이상500만원 미만,온라인,N,N,N,N,N,N
53348146,202302,F,30대,대전광역시,무응답,오프라인,N,N,N,N,N,N
53348173,202302,F,50대,부산광역시,300이상500만원 미만,오프라인,N,N,N,N,N,N
53348175,202302,F,60대 이상,대전광역시,700만원 이상,오프라인,N,N,N,N,N,N
53348235,202302,F,60대 이상,제주특별자치도,300만원 미만,온라인,N,N,N,N,N,N
53348286,202302,F,40대,경상북도,500이상700만원 미만,오프라인,N,N,N,N,N,N
53348322,202302,M,30대,세종특별자치시,300만원 미만,온라인,N,N,N,N,N,N
53348369,202302,F,40대,경상남도,무응답,온라인,N,N,N,N,N,N
53348404,202302,F,30대,충청남도,700만원 이상,온라인,N,N,N,N,N,N
53348538,202302,F,20대,세종특별자치시,700만원 이상,온라인,Y,N,N,N,Y,N
53348579,202302,M,30대,제주특별자치도,300만원 미만,온라인,N,N,N,N,N,N
53348617,202302,M,30대,충청남도,500이상700만원 미만,온라인,N,N,N,N,N,N
53348653,202302,M,40대,대구광역시,500이상700만원 미만,온라인,N,N,N,N,N,N
53348686,202302,M,20대,충청남도,300이상500만원 미만,오프라인,N,N,N,N,N,N
53348779,202302,M,30대,대구광역시,700만원 이상,오프라인,N,N,N,N,N,N
53348857,202302,F,40대,경상남도,700만원 이상,온라인,N,N,N,N,N,N
53348936,202302,F,20대,경상남도,무응답,온라인,N,N,N,N,N,Y
53348980,202302,M,20대,강원도,무응답,오프라인,N,N,N,N,N,N
53348992,202302,F,40대,경상북도,300만원 미만,오프라인,N,N,N,N,N,N
53349054,202302,M,30대,부산광역시,300만원 미만,오프라인,N,N,N,N,N,N
53349117,202302,F,20대,강원도,700만원 이상,온라인,Y,Y,Y,Y,Y,N
53349176,202302,F,20대,강원도,300만원 미만,오프라인,N,N,N,N,N,N
53349191,202302,F,50대,부산광역시,무응답,온라인,N,N,N,N,N,N
53349218,202302,F,20대,강원도,무응답,오프라인,N,N,N,N,N,N
53349239,202302,F,20대,경기도,300이상500만원 미만,온라인,Y,N,Y,N,N,N
53349310,202302,F,40대,경상남도,무응답,오프라인,N,N,N,N,N,N
53349356,202302,M,50대,제주특별자치도,500이상700만원 미만,오프라인,N,N,N,N,N,N
53349400,202302,M,30대,강원도,300만원 미만,온라인,N,N,N,N,N,N
53349438,202302,M,50대,부산광역시,300이상500만원 미만,오프라인,N,N,N,N,N,N
53349461,202302,F,40대,제주특별자치도,무응답,오프라인,N,N,N,N,N,N
53349490,202302,F,20대,제주특별자치도,무응답,온라인,N,N,N,N,N,N
53349579,202302,M,40대,제주특별자치도,무응답,온라인,N,N,N,N,N,N
53349584,202302,F,50대,강원도,500이상700만원 미만,오프라인,N,N,N,N,N,N
53349586,202302,F,40대,제주특별자치도,300이상500만원 미만,오프라인,N,N,N,N,N,N
53349639,202302,M,40대,대전광역시,700만원 이상,온라인,N,N,N,N,N,N
53349725,202302,M,60대 이상,광주광역시,300만원 미만,온라인,N,N,N,N,N,N
53349932,202302,M,60대 이상,강원도,700만원 이상,오프라인,N,N,N,N,N,N
53349959,202302,F,60대 이상,강원도,700만원 이상,온라인,N,N,N,N,N,N
53349995,202302,M,20대,서울특별시,300만원 미만,온라인,N,N,N,N,N,N
53350042,202302,F,20대,충청남도,300이상500만원 미만,오프라인,N,N,N,N,N,N
53350045,202302,F,40대,제주특별자치도,700만원 이상,온라인,N,N,N,N,N,N
53350082,202302,M,60대 이상,광주광역시,700만원 이상,오프라인,Y,N,N,N,N,N
53350203,202302,M,30대,강원도,700만원 이상,오프라인,N,N,N,N,N,N
53350251,202302,F,20대,충청남도,500이상700만원 미만,온라인,N,N,N,N,N,N
53350289,202302,F,60대 이상,부산광역시,300이상500만원 미만,오프라인,N,N,N,N,N,N
53350316,202302,M,50대,강원도,300만원 미만,오프라인,N,N,N,N,N,N
53350439,202302,M,50대,서울특별시,300만원 미만,오프라인,N,N,N,N,N,N
53350458,202302,M,50대,강원도,500이상700만원 미만,온라인,N,N,N,N,N,N
53350476,202302,F,50대,대구광역시,700만원 이상,온라인,N,N,N,N,N,N
53350505,202302,F,30대,부산광역시,700만원 이상,오프라인,N,N,N,N,N,N
53350508,202302,M,60대 이상,강원도,500이상700만원 미만,온라인,N,N,N,N,N,N
53350526,202302,M,50대,대전광역시,700만원 이상,온라인,N,N,N,N,N,N
53350544,202302,M,40대,강원도,500이상700만원 미만,온라인,N,Y,N,N,N,N
53350545,202302,M,50대,강원도,300만원 미만,오프라인,N,N,N,N,N,N
53350585,202302,F,50대,부산광역시,700만원 이상,온라인,N,Y,N,N,N,N
53350602,202302,M,50대,부산광역시,300이상500만원 미만,온라인,N,N,N,N,N,N
53350709,202302,M,60대 이상,강원도,300이상500만원 미만,오프라인,N,N,N,N,N,N
53350749,202302,F,60대 이상,경상북도,500이상700만원 미만,온라인,N,N,N,N,N,N
53350879,202302,F,60대 이상,경상남도,500이상700만원 미만,오프라인,N,N,N,N,N,N
53350921,202302,F,40대,대구광역시,700만원 이상,온라인,Y,Y,N,N,N,N
53351062,202302,F,40대,강원도,500이상700만원 미만,온라인,N,N,N,N,N,N
53351178,202302,F,40대,강원도,700만원 이상,오프라인,N,N,N,N,N,N
53351182,202302,M,30대,울산광역시,700만원 이상,오프라인,N,N,N,N,N,N
53351186,202302,M,40대,광주광역시,300이상500만원 미만,온라인,N,N,N,N,N,N
53351215,202302,F,30대,세종특별자치시,300이상500만원 미만,온라인,N,N,N,N,N,N
53351243,202302,M,40대,강원도,300이상500만원 미만,온라인,Y,N,N,N,N,N
53351246,202302,M,40대,광주광역시,500이상700만원 미만,온라인,N,N,N,N,N,N
53351250,202302,M,50대,강원도,300이상500만원 미만,온라인,N,N,N,N,N,N
53351324,202302,F,20대,경상남도,무응답,오프라인,N,N,N,N,N,N
53351412,202302,M,40대,부산광역시,500이상700만원 미만,온라인,N,N,N,N,N,N
53351494,202302,F,60대 이상,충청남도,500이상700만원 미만,오프라인,N,N,N,N,N,N
53351565,202302,F,50대,부산광역시,300이상500만원 미만,온라인,Y,Y,N,N,N,N
53351576,202302,F,60대 이상,경상북도,무응답,온라인,N,N,N,N,N,N
53351578,202302,M,60대 이상,서울특별시,300만원 미만,온라인,N,N,N,N,N,N
53351625,202302,F,60대 이상,서울특별시,300이상500만원 미만,오프라인,N,N,N,N,N,N
53351655,202302,F,40대,충청남도,500이상700만원 미만,온라인,N,N,N,N,N,N
53351796,202302,F,30대,제주특별자치도,300만원 미만,온라인,N,N,N,N,N,N
53351947,202302,M,40대,충청남도,700만원 이상,오프라인,N,N,N,N,N,N
53351957,202302,F,50대,경상북도,300이상500만원 미만,온라인,N,Y,N,N,N,N
53351982,202302,M,50대,광주광역시,무응답,온라인,N,N,N,N,N,N
53352014,202302,M,50대,울산광역시,300만원 미만,온라인,N,N,N,N,N,N
53352188,202302,M,50대,강원도,300이상500만원 미만,온라인,N,N,N,N,N,N
53352324,202302,M,30대,경상남도,무응답,온라인,N,N,N,N,N,N
53352351,202302,M,40대,세종특별자치시,무응답,오프라인,N,N,N,N,N,N
53352391,202302,F,40대,부산광역시,300만원 미만,오프라인,N,N,N,N,N,N
53352453,202302,F,50대,경기도,500이상700만원 미만,온라인,N,N,N,N,N,N
53352485,202302,M,20대,울산광역시,300만원 미만,온라인,Y,Y,N,Y,N,N
53352487,202302,M,50대,경상남도,500이상700만원 미만,온라인,N,N,N,N,N,N
53352622,202302,M,30대,부산광역시,300만원 미만,오프라인,N,N,N,N,N,N
53352646,202302,F,40대,충청남도,500이상700만원 미만,온라인,N,N,N,N,N,N
53352660,202302,F,50대,경기도,700만원 이상,온라인,N,N,N,N,N,N
53352671,202302,F,30대,부산광역시,700만원 이상,오프라인,N,N,N,N,N,N
53352684,202302,M,40대,강원도,700만원 이상,오프라인,Y,N,N,N,N,N
53352693,202302,F,50대,부산광역시,700만원 이상,온라인,N,N,N,N,N,N
53352854,202302,M,40대,경기도,무응답,온라인,N,N,N,N,N,N
53352874,202302,F,50대,부산광역시,700만원 이상,온라인,N,N,N,N,N,N
53352892,202302,M,50대,경기도,700만원 이상,오프라인,N,N,N,N,N,N
53353085,202302,F,40대,부산광역시,300이상500만원 미만,온라인,N,N,N,N,N,N
53353138,202302,F,30대,경상남도,300만원 미만,온라인,N,N,N,N,N,N
53353233,202302,M,50대,전라남도,300만원 미만,오프라인,N,N,N,N,N,N
53353263,202302,M,50대,부산광역시,500이상700만원 미만,온라인,N,N,N,N,N,N
53353264,202302,M,30대,제주특별자치도,500이상700만원 미만,온라인,N,N,N,N,N,N
53353279,202302,F,50대,경기도,300이상500만원 미만,온라인,N,N,N,N,N,N
53353307,202302,M,30대,경상북도,300이상500만원 미만,온라인,N,N,N,N,N,N
53353358,202302,M,30대,부산광역시,700만원 이상,오프라인,N,N,N,N,N,N
53353426,202302,F,50대,부산광역시,700만원 이상,오프라인,N,N,N,N,N,N
53353531,202302,F,30대,광주광역시,700만원 이상,오프라인,N,N,N,N,N,N
53353537,202302,M,50대,경기도,700만원 이상,오프라인,N,N,N,N,N,N
53353630,202302,F,30대,부산광역시,무응답,오프라인,N,N,N,N,N,N
53353631,202302,M,40대,강원도,300만원 미만,오프라인,N,N,N,N,N,N
53353723,202302,F,50대,부산광역시,300만원 미만,오프라인,N,N,N,N,N,N
53353773,202302,M,30대,부산광역시,500이상700만원 미만,오프라인,N,N,N,N,N,N
53354185,202302,M,40대,광주광역시,700만원 이상,온라인,N,N,N,N,N,N
53354214,202302,M,20대,경기도,300만원 미만,온라인,N,N,N,N,N,N
53354370,202302,F,50대,서울특별시,무응답,오프라인,N,N,N,N,N,N
53354481,202302,F,40대,부산광역시,300만원 미만,온라인,Y,N,N,N,N,N
53354512,202302,F,20대,부산광역시,무응답,오프라인,N,N,N,N,N,N
53354530,202302,M,40대,대전광역시,700만원 이상,오프라인,N,N,N,N,N,N
53354568,202302,F,60대 이상,경기도,300이상500만원 미만,오프라인,N,N,N,N,N,N
53354671,202302,F,50대,세종특별자치시,500이상700만원 미만,오프라인,N,N,N,N,N,N
53354700,202302,F,40대,대전광역시,300이상500만원 미만,오프라인,N,N,N,N,N,N
53354714,202302,F,60대 이상,부산광역시,300이상500만원 미만,온라인,N,N,N,N,N,N
53354787,202302,M,50대,부산광역시,300이상500만원 미만,오프라인,N,N,N,N,N,N
53354888,202302,M,50대,제주특별자치도,700만원 이상,오프라인,N,N,N,N,N,N
53354914,202302,M,50대,대구광역시,300만원 미만,오프라인,N,N,N,N,N,N
53354928,202302,M,40대,부산광역시,무응답,오프라인,N,N,N,N,N,N
53355003,202302,F,20대,경상북도,300이상500만원 미만,오프라인,N,N,N,N,N,N
53355039,202302,F,20대,대구광역시,300이상500만원 미만,오프라인,N,N,N,N,N,N
53355056,202302,F,20대,광주광역시,700만원 이상,온라인,N,Y,Y,N,N,Y
53355069,202302,M,40대,경기도,500이상700만원 미만,온라인,N,N,N,N,N,N
53355086,202302,M,50대,경상북도,300만원 미만,온라인,N,N,N,N,N,N
53355165,202302,F,20대,부산광역시,300만원 미만,온라인,N,N,N,N,N,N
53355243,202302,F,30대,경상북도,500이상700만원 미만,온라인,N,N,N,N,N,N
53355298,202302,F,30대,부산광역시,무응답,오프라인,N,N,N,N,N,N
53355373,202302,M,50대,부산광역시,300이상500만원 미만,온라인,N,N,N,N,N,N
53355388,202302,F,40대,광주광역시,500이상700만원 미만,온라인,N,N,N,N,N,N
53355410,202302,M,40대,강원도,300만원 미만,온라인,N,N,N,N,N,N
53355446,202302,F,50대,강원도,500이상700만원 미만,온라인,Y,N,N,N,N,N
53355496,202302,F,40대,광주광역시,무응답,온라인,N,N,N,N,N,N
53355497,202302,M,30대,제주특별자치도,300만원 미만,온라인,N,N,N,N,N,N
53355571,202302,M,30대,강원도,500이상700만원 미만,오프라인,N,N,N,N,N,N
53355620,202302,M,50대,부산광역시,300이상500만원 미만,오프라인,N,N,N,N,N,N
53355697,202302,F,30대,부산광역시,700만원 이상,오프라인,N,N,N,N,N,N
53355733,202302,F,30대,부산광역시,무응답,오프라인,N,N,N,N,N,N
53355742,202302,F,40대,경상북도,무응답,온라인,N,N,N,N,N,N
53355839,202302,F,50대,부산광역시,500이상700만원 미만,오프라인,N,N,N,N,N,N
53355850,202302,F,20대,제주특별자치도,300만원 미만,오프라인,Y,N,N,N,N,N
53355875,202302,F,40대,울산광역시,300이상500만원 미만,오프라인,N,N,N,N,N,N
53355886,202302,F,20대,전라남도,무응답,온라인,N,N,N,N,N,N
53355902,202302,M,40대,경기도,300만원 미만,오프라인,N,N,N,N,N,N
53355958,202302,F,60대 이상,강원도,300만원 미만,온라인,N,N,N,N,N,N
53355961,202302,M,30대,경기도,500이상700만원 미만,온라인,N,N,N,N,N,N
53355977,202302,F,50대,경기도,700만원 이상,온라인,N,N,N,N,N,N
53356014,202302,M,60대 이상,강원도,700만원 이상,오프라인,N,N,N,N,N,N
53356138,202302,F,30대,강원도,500이상700만원 미만,오프라인,N,N,N,N,N,N
53356189,202302,F,60대 이상,전라북도,300이상500만원 미만,오프라인,N,N,N,N,N,N
53356341,202302,F,40대,대전광역시,300만원 미만,오프라인,N,N,N,N,N,N
53356361,202302,F,50대,광주광역시,300만원 미만,온라인,N,N,N,N,N,N
53356405,202302,M,50대,강원도,300만원 미만,온라인,N,N,N,N,N,N
53356431,202302,M,50대,부산광역시,500이상700만원 미만,오프라인,N,N,N,N,N,N
53356440,202302,F,60대 이상,세종특별자치시,700만원 이상,오프라인,N,N,N,N,N,N
53356577,202302,M,40대,부산광역시,700만원 이상,온라인,N,N,N,N,N,N
53356580,202302,M,50대,부산광역시,500이상700만원 미만,오프라인,N,N,N,N,N,N
53356640,202302,M,20대,세종특별자치시,무응답,온라인,N,N,N,N,N,N
53356672,202302,M,30대,강원도,300만원 미만,오프라인,N,N,Y,N,N,N
53356709,202302,M,40대,부산광역시,700만원 이상,온라인,N,N,N,N,N,N
53356732,202302,F,30대,전라북도,500이상700만원 미만,온라인,N,N,N,N,N,N
53356777,202302,F,60대 이상,세종특별자치시,500이상700만원 미만,온라인,N,N,N,N,N,N
53356800,202302,M,60대 이상,강원도,300만원 미만,온라인,Y,N,N,N,N,Y
53356839,202302,M,50대,경기도,300만원 미만,온라인,N,N,N,N,N,N
53356900,202302,M,50대,대구광역시,700만원 이상,온라인,N,N,N,N,N,N
53356906,202302,F,40대,서울특별시,300이상500만원 미만,온라인,N,N,N,N,N,N
53356915,202302,M,60대 이상,강원도,700만원 이상,온라인,N,N,N,N,N,N
53356946,202302,F,20대,울산광역시,500이상700만원 미만,오프라인,N,N,N,N,N,N
53356958,202302,M,30대,부산광역시,500이상700만원 미만,오프라인,N,N,Y,N,N,Y
53356969,202302,F,20대,강원도,300만원 미만,오프라인,N,N,N,N,N,N
53357050,202302,F,50대,부산광역시,700만원 이상,오프라인,N,N,N,N,N,N
53357203,202302,F,30대,전라남도,700만원 이상,온라인,N,N,N,N,N,N
53357204,202302,F,40대,세종특별자치시,500이상700만원 미만,온라인,N,Y,N,N,N,N
53357249,202302,M,30대,울산광역시,500이상700만원 미만,오프라인,N,N,N,N,N,N
53357366,202302,F,40대,부산광역시,300이상500만원 미만,온라인,Y,Y,N,N,N,N
53357368,202302,F,40대,강원도,무응답,온라인,N,Y,N,N,Y,N
53357372,202302,F,40대,세종특별자치시,무응답,온라인,Y,N,N,Y,Y,N
53357449,202302,M,40대,강원도,300이상500만원 미만,오프라인,N,N,N,N,N,N
53357455,202302,M,40대,부산광역시,300만원 미만,오프라인,N,N,N,N,N,N
53357468,202302,F,40대,강원도,700만원 이상,오프라인,N,N,N,N,N,N
53357591,202302,M,30대,대전광역시,300만원 미만,온라인,N,N,N,N,N,N
53357599,202302,M,40대,강원도,300만원 미만,오프라인,N,N,N,N,N,N
53357607,202302,M,60대 이상,부산광역시,700만원 이상,오프라인,N,N,N,N,N,N
53357663,202302,M,60대 이상,경상남도,300만원 미만,온라인,N,N,N,N,N,N
53357672,202302,M,60대 이상,제주특별자치도,300이상500만원 미만,오프라인,N,N,N,N,N,N
53357705,202302,F,40대,강원도,300만원 미만,오프라인,Y,N,N,N,N,N
53357854,202302,F,50대,경기도,500이상700만원 미만,오프라인,N,N,N,N,N,N
53357901,202302,M,50대,부산광역시,500이상700만원 미만,온라인,N,N,N,N,N,N
53357996,202302,F,30대,전라남도,300이상500만원 미만,온라인,N,N,N,N,N,N
53358021,202302,F,20대,경상북도,무응답,온라인,N,N,N,N,N,N
53358081,202302,F,20대,강원도,무응답,오프라인,N,N,N,N,N,N
53358106,202302,F,30대,경상남도,무응답,온라인,N,N,N,N,N,N
53358128,202302,M,60대 이상,충청북도,300만원 미만,오프라인,N,N,N,N,N,N
53358205,202302,M,20대,광주광역시,300이상500만원 미만,오프라인,N,N,N,N,N,N
53358473,202302,M,20대,강원도,500이상700만원 미만,오프라인,Y,N,N,N,N,N
53358478,202302,F,20대,부산광역시,300이상500만원 미만,오프라인,N,N,N,N,N,N
53358584,202302,M,40대,경기도,300이상500만원 미만,오프라인,Y,N,N,N,N,N
53358623,202302,F,40대,부산광역시,300만원 미만,오프라인,N,N,N,N,N,N
53358666,202302,M,40대,대구광역시,300이상500만원 미만,오프라인,N,N,N,N,N,N
53358805,202302,M,40대,강원도,500이상700만원 미만,오프라인,N,N,N,N,N,N
53358874,202302,M,40대,경상남도,500이상700만원 미만,온라인,N,N,N,Y,Y,N
53358906,202302,F,50대,전라남도,700만원 이상,오프라인,N,N,N,N,N,N
53358931,202302,F,40대,경상남도,700만원 이상,온라인,N,N,N,N,N,N
53359093,202302,F,60대 이상,충청남도,300만원 미만,온라인,N,N,N,N,N,N
53359101,202302,M,60대 이상,경기도,300만원 미만,온라인,N,N,N,N,N,N
53359124,202302,M,30대,경상남도,무응답,온라인,N,N,N,N,N,N
53359225,202302,M,30대,충청남도,300만원 미만,오프라인,N,N,N,N,N,N
53359244,202302,F,40대,서울특별시,500이상700만원 미만,오프라인,N,N,N,N,N,N
53359290,202302,F,60대 이상,부산광역시,500이상700만원 미만,오프라인,N,N,N,N,N,N
53359313,202302,M,60대 이상,강원도,무응답,온라인,N,N,N,N,N,N
53359419,202302,F,30대,부산광역시,300이상500만원 미만,온라인,Y,N,N,N,Y,N
53359437,202302,F,60대 이상,경기도,300만원 미만,오프라인,N,N,N,N,N,N
53359479,202302,M,30대,부산광역시,700만원 이상,온라인,N,N,N,N,N,N
53359740,202302,F,60대 이상,부산광역시,500이상700만원 미만,온라인,Y,N,N,N,Y,N
53359762,202302,M,30대,부산광역시,무응답,온라인,N,N,Y,Y,N,N
53359832,202302,F,60대 이상,전라북도,700만원 이상,온라인,N,N,N,N,N,N
53359860,202302,F,20대,경상북도,300만원 미만,오프라인,N,N,N,N,N,N
53359875,202302,F,40대,경기도,무응답,온라인,N,N,N,N,N,N
53359884,202302,F,50대,제주특별자치도,700만원 이상,온라인,N,N,N,N,N,N
53359996,202302,F,30대,경상북도,300만원 미만,오프라인,N,N,N,N,N,N
53360055,202302,F,50대,경상북도,500이상700만원 미만,오프라인,N,Y,N,N,N,N
53360059,202302,F,20대,전라남도,무응답,온라인,N,Y,N,N,N,N
53360092,202302,M,20대,세종특별자치시,500이상700만원 미만,온라인,N,N,N,Y,N,N
53360246,202302,M,60대 이상,강원도,300만원 미만,오프라인,N,N,N,N,N,N
53360539,202302,F,40대,강원도,700만원 이상,온라인,Y,Y,Y,Y,N,N
53360547,202302,M,20대,부산광역시,300만원 미만,온라인,N,N,N,N,N,N
53360553,202302,F,40대,부산광역시,700만원 이상,온라인,N,N,N,N,N,N
53360583,202302,M,50대,세종특별자치시,700만원 이상,오프라인,N,N,N,N,N,N
53360589,202302,M,30대,대전광역시,300이상500만원 미만,오프라인,N,N,N,N,N,N
53360710,202302,F,50대,대전광역시,300이상500만원 미만,온라인,Y,N,N,N,N,N
53360839,202302,M,40대,경기도,500이상700만원 미만,오프라인,N,N,N,N,N,N
53360928,202302,F,30대,부산광역시,700만원 이상,오프라인,N,N,N,N,N,N
53361015,202302,F,30대,강원도,무응답,오프라인,N,N,N,N,N,N
53361025,202302,F,20대,경상북도,700만원 이상,오프라인,N,N,N,N,N,N
53361122,202302,F,30대,부산광역시,300이상500만원 미만,오프라인,N,N,N,N,N,N
53361126,202302,F,60대 이상,경상북도,500이상700만원 미만,온라인,N,N,N,N,N,N
53361204,202302,F,40대,전라북도,300이상500만원 미만,오프라인,N,N,N,N,N,N
53361258,202302,M,50대,부산광역시,300이상500만원 미만,온라인,N,N,N,N,N,N
53361299,202302,F,40대,부산광역시,300만원 미만,오프라인,N,N,N,N,N,N
53361425,202302,M,40대,경상북도,300만원 미만,오프라인,N,N,N,N,N,N
53361428,202302,M,50대,부산광역시,700만원 이상,오프라인,N,N,N,N,N,N
53361450,202302,M,40대,강원도,300이상500만원 미만,오프라인,N,N,N,N,N,N
53361573,202302,M,40대,대구광역시,300이상500만원 미만,온라인,N,N,N,N,N,N
53361586,202302,F,60대 이상,부산광역시,700만원 이상,온라인,N,N,N,N,N,N
53361755,202302,F,50대,부산광역시,500이상700만원 미만,오프라인,N,N,N,N,N,N
53361774,202302,M,30대,제주특별자치도,300만원 미만,온라인,N,N,N,N,N,N
53361816,202302,M,50대,부산광역시,500이상700만원 미만,오프라인,N,N,N,N,N,N
53361873,202302,F,40대,경기도,300이상500만원 미만,오프라인,N,N,Y,N,N,N
53361916,202302,F,50대,부산광역시,700만원 이상,온라인,N,N,N,N,N,N
53361920,202302,M,40대,경상남도,300만원 미만,오프라인,N,N,N,N,N,N
53361990,202302,F,30대,경상북도,무응답,오프라인,N,N,N,N,N,N
53362003,202302,F,20대,경상남도,700만원 이상,온라인,N,N,N,N,N,N
53362072,202302,M,60대 이상,부산광역시,300만원 미만,오프라인,N,N,N,N,N,N
53362122,202302,M,60대 이상,부산광역시,300만원 미만,오프라인,N,N,N,N,N,N
53362179,202302,M,40대,경상북도,700만원 이상,온라인,N,N,N,N,N,N
53362312,202302,F,20대,부산광역시,300이상500만원 미만,온라인,N,Y,N,N,N,N
53362326,202302,M,30대,강원도,300이상500만원 미만,오프라인,N,N,N,N,N,N
53362346,202302,M,20대,부산광역시,무응답,오프라인,N,N,N,N,N,N
53362464,202302,M,60대 이상,부산광역시,500이상700만원 미만,오프라인,N,N,N,N,N,N
53362480,202302,M,50대,강원도,300만원 미만,오프라인,N,N,N,N,N,N
53362632,202302,M,50대,부산광역시,300만원 미만,오프라인,N,N,N,N,N,N
53362736,202302,F,20대,경상남도,700만원 이상,온라인,N,N,N,N,N,N
53362762,202302,M,50대,부산광역시,700만원 이상,온라인,N,N,N,Y,N,N
53362765,202302,F,50대,경상북도,700만원 이상,온라인,Y,Y,N,N,N,N
53362798,202302,M,60대 이상,제주특별자치도,무응답,온라인,N,N,N,N,N,N
53362799,202302,F,60대 이상,경기도,300이상500만원 미만,오프라인,N,N,N,N,N,N
53362817,202302,F,50대,강원도,700만원 이상,온라인,N,N,N,N,N,N
53362821,202302,F,20대,경기도,300만원 미만,온라인,N,N,Y,Y,N,N
53362847,202302,F,30대,부산광역시,무응답,오프라인,N,N,N,N,N,N
53362853,202302,M,30대,부산광역시,무응답,오프라인,N,N,N,N,N,N
53363025,202302,F,30대,경상북도,700만원 이상,온라인,N,Y,N,N,N,N
53363101,202302,F,50대,부산광역시,무응답,온라인,N,N,N,N,N,N
53363114,202302,M,50대,부산광역시,300만원 미만,온라인,N,N,N,N,N,N
53363155,202302,F,40대,강원도,500이상700만원 미만,온라인,N,N,N,N,N,N
53363225,202302,M,40대,제주특별자치도,무응답,오프라인,N,N,N,N,N,N
53363343,202302,M,40대,충청북도,300만원 미만,온라인,N,N,N,N,N,N
53363355,202302,F,40대,충청북도,300이상500만원 미만,온라인,N,N,N,N,N,N
53363357,202302,M,30대,울산광역시,500이상700만원 미만,오프라인,N,N,N,N,N,N
53363378,202302,F,30대,강원도,300만원 미만,오프라인,N,N,N,N,N,N
53363387,202302,M,40대,대구광역시,500이상700만원 미만,온라인,N,N,N,N,N,N
53363392,202302,M,40대,광주광역시,700만원 이상,오프라인,N,N,N,N,N,N
53363453,202302,F,50대,충청남도,무응답,온라인,N,N,N,N,N,N
53363475,202302,F,20대,경상남도,300이상500만원 미만,오프라인,N,N,N,N,N,N
53363549,202302,M,30대,대전광역시,300만원 미만,온라인,N,N,N,N,N,N
53363675,202302,F,60대 이상,부산광역시,300만원 미만,온라인,N,N,N,N,N,N
53363709,202302,F,40대,충청남도,300이상500만원 미만,오프라인,N,N,N,N,N,N
53363724,202302,F,50대,광주광역시,300만원 미만,온라인,N,N,N,N,N,N
53363765,202302,F,30대,강원도,700만원 이상,온라인,N,N,N,N,N,N
53363815,202302,F,20대,부산광역시,무응답,온라인,N,N,N,N,N,N
53363843,202302,M,40대,강원도,700만원 이상,오프라인,N,N,N,N,N,N
53363863,202302,M,50대,부산광역시,700만원 이상,오프라인,N,N,N,N,N,N
53363928,202302,F,60대 이상,충청북도,300만원 미만,온라인,N,N,N,N,N,N
53364089,202302,F,60대 이상,부산광역시,500이상700만원 미만,오프라인,N,N,N,N,N,N
53364094,202302,F,40대,부산광역시,700만원 이상,오프라인,N,N,N,N,N,N
53364174,202302,F,20대,부산광역시,500이상700만원 미만,온라인,Y,N,Y,Y,Y,N
53364186,202302,M,50대,경상북도,무응답,온라인,N,N,N,N,N,N
53364206,202302,F,20대,경상남도,무응답,오프라인,N,N,N,N,N,N
53364319,202302,F,50대,전라북도,700만원 이상,온라인,N,N,N,N,N,N
53364374,202302,F,60대 이상,인천광역시,500이상700만원 미만,온라인,Y,Y,N,N,N,N
53364492,202302,M,40대,울산광역시,무응답,온라인,N,N,N,N,N,N
53364608,202302,F,30대,부산광역시,300만원 미만,온라인,N,N,N,N,N,N
53364609,202302,M,50대,경기도,무응답,온라인,N,N,N,N,Y,Y
53364623,202302,M,30대,강원도,700만원 이상,오프라인,N,N,N,N,N,N
53364636,202302,F,30대,경상북도,500이상700만원 미만,오프라인,N,N,N,N,N,N
53364700,202302,M,60대 이상,강원도,300이상500만원 미만,오프라인,N,N,N,N,N,N
53364713,202302,F,50대,강원도,700만원 이상,오프라인,N,N,N,N,N,N
53365047,202302,M,30대,부산광역시,300만원 미만,오프라인,N,N,N,N,N,N
53365127,202302,M,40대,부산광역시,300만원 미만,오프라인,N,N,N,N,N,N
53365165,202302,F,60대 이상,강원도,300만원 미만,온라인,N,N,N,N,N,N
53365169,202302,M,40대,부산광역시,500이상700만원 미만,온라인,N,N,N,N,N,N
53365178,202302,F,30대,경상북도,무응답,오프라인,N,N,N,N,N,N
53365278,202302,M,30대,부산광역시,700만원 이상,오프라인,N,N,N,N,N,N
53365373,202302,F,50대,경기도,300만원 미만,온라인,N,N,N,N,N,N
53365399,202302,M,40대,대구광역시,300이상500만원 미만,온라인,N,N,N,N,N,N
53365427,202302,M,40대,대구광역시,500이상700만원 미만,오프라인,N,N,N,N,N,N
53365503,202302,F,30대,경상남도,300만원 미만,오프라인,N,N,N,N,N,N
53365510,202302,M,50대,대전광역시,700만원 이상,온라인,N,N,N,N,N,N
53365735,202302,M,50대,경기도,300이상500만원 미만,온라인,N,N,N,N,N,N
53365812,202302,M,40대,강원도,700만원 이상,온라인,N,N,N,N,N,N
53365828,202302,F,50대,울산광역시,300이상500만원 미만,오프라인,N,N,N,N,N,N
53365869,202302,F,60대 이상,경기도,무응답,오프라인,N,N,N,N,N,N
53365873,202302,F,40대,경상북도,무응답,오프라인,N,N,N,N,N,N
53365962,202302,M,40대,충청북도,300이상500만원 미만,오프라인,N,N,N,N,N,N
53366150,202302,F,60대 이상,경상남도,300이상500만원 미만,온라인,N,N,N,N,N,N
53366158,202302,M,40대,울산광역시,무응답,오프라인,N,N,N,N,N,N
53366183,202302,F,50대,충청남도,무응답,오프라인,N,N,N,N,N,N
53366201,202302,F,50대,충청남도,700만원 이상,오프라인,N,N,N,N,N,N
53366230,202302,F,40대,강원도,무응답,온라인,N,N,N,N,N,N
53366259,202302,F,20대,경상남도,500이상700만원 미만,온라인,Y,N,N,Y,N,N
53366271,202302,F,20대,경상남도,500이상700만원 미만,오프라인,N,N,N,N,N,N
53366398,202302,M,30대,강원도,500이상700만원 미만,오프라인,N,N,N,N,N,N
53366503,202302,M,50대,대구광역시,300이상500만원 미만,오프라인,N,N,N,N,N,N
53366565,202302,F,60대 이상,부산광역시,700만원 이상,오프라인,N,N,N,N,N,N
53366578,202302,F,50대,부산광역시,500이상700만원 미만,온라인,N,N,N,N,N,N
53366596,202302,M,40대,부산광역시,300만원 미만,온라인,N,N,N,N,N,N
53366649,202302,F,30대,부산광역시,300이상500만원 미만,오프라인,N,N,N,N,N,N
53366751,202302,F,20대,충청남도,무응답,온라인,N,N,N,N,N,N
53366830,202302,F,60대 이상,강원도,700만원 이상,온라인,N,N,N,N,N,N
53366835,202302,M,50대,부산광역시,무응답,오프라인,N,N,N,N,N,N
53366871,202302,F,30대,세종특별자치시,300이상500만원 미만,오프라인,N,N,N,N,N,N
53366968,202302,M,50대,경상북도,700만원 이상,온라인,Y,N,N,N,N,N
53367039,202302,F,30대,경상북도,무응답,온라인,N,N,N,N,N,N
53367129,202302,M,60대 이상,강원도,300만원 미만,오프라인,N,N,N,N,N,N
53367183,202302,F,50대,충청남도,300만원 미만,온라인,N,N,N,N,N,N
53367206,202302,F,40대,경기도,300만원 미만,온라인,N,N,N,N,N,N
53367271,202302,F,50대,부산광역시,500이상700만원 미만,오프라인,N,N,N,N,N,N
53367314,202302,M,20대,강원도,500이상700만원 미만,온라인,N,N,N,N,N,N
53367400,202302,M,60대 이상,강원도,300이상500만원 미만,온라인,N,N,N,N,N,N
53367409,202302,M,50대,부산광역시,300이상500만원 미만,오프라인,N,N,N,N,N,N
53367410,202302,F,40대,강원도,700만원 이상,온라인,N,N,N,N,N,N
53367431,202302,F,50대,대구광역시,300이상500만원 미만,오프라인,N,N,N,N,N,N
53367469,202302,M,30대,충청남도,300이상500만원 미만,온라인,N,N,N,N,N,N
53367528,202302,M,50대,강원도,500이상700만원 미만,오프라인,N,N,N,N,N,N
53367602,202302,M,50대,경상북도,700만원 이상,온라인,N,N,N,N,N,N
53367640,202302,M,60대 이상,부산광역시,700만원 이상,오프라인,Y,N,N,N,N,N
53367722,202302,M,50대,부산광역시,500이상700만원 미만,오프라인,N,N,N,N,N,N
53367733,202302,M,50대,경상남도,300이상500만원 미만,온라인,N,N,N,N,N,N
53367776,202302,F,50대,전라남도,300이상500만원 미만,온라인,N,N,N,N,N,N
53367822,202302,M,60대 이상,부산광역시,500이상700만원 미만,온라인,N,N,N,N,N,N
53367840,202302,M,50대,광주광역시,500이상700만원 미만,오프라인,N,N,N,N,N,N
53368044,202302,F,40대,경상남도,300이상500만원 미만,오프라인,N,N,N,N,N,N
53368045,202302,M,60대 이상,울산광역시,500이상700만원 미만,온라인,N,N,N,N,N,N
53368140,202302,M,50대,부산광역시,500이상700만원 미만,온라인,N,N,N,N,N,N
53368240,202302,M,50대,부산광역시,300만원 미만,오프라인,N,N,N,N,N,N
53368242,202302,F,30대,부산광역시,무응답,온라인,N,N,N,N,N,N
53368325,202302,M,60대 이상,강원도,300만원 미만,온라인,N,N,N,N,N,N
53368416,202302,M,50대,강원도,700만원 이상,온라인,N,N,N,N,N,N
53368421,202302,M,50대,대전광역시,500이상700만원 미만,오프라인,N,N,N,N,N,N
53368459,202302,F,50대,부산광역시,500이상700만원 미만,오프라인,N,N,N,N,N,N
53368478,202302,M,40대,부산광역시,300만원 미만,온라인,N,N,N,N,N,N
53368567,202302,F,50대,강원도,무응답,온라인,N,N,N,N,N,N
53368607,202302,M,20대,강원도,무응답,오프라인,N,N,N,N,N,N
53368685,202302,M,50대,강원도,500이상700만원 미만,오프라인,N,N,N,N,N,N
53368757,202302,F,30대,강원도,무응답,온라인,N,N,N,N,N,N
53368825,202302,M,20대,세종특별자치시,300만원 미만,온라인,Y,Y,Y,Y,Y,Y
53368866,202302,M,50대,강원도,300만원 미만,오프라인,N,N,N,N,N,N
53368880,202302,F,50대,경기도,700만원 이상,온라인,N,N,N,N,N,N
53368923,202302,F,60대 이상,강원도,300이상500만원 미만,오프라인,N,N,N,N,N,N
53369083,202302,F,30대,경상남도,700만원 이상,온라인,N,N,N,N,N,N
53369096,202302,M,30대,울산광역시,300만원 미만,오프라인,N,N,N,N,N,N
53369125,202302,F,50대,강원도,300만원 미만,온라인,N,N,N,N,N,N
53369181,202302,M,30대,경상남도,300만원 미만,온라인,N,N,N,N,N,N
53369258,202302,M,40대,강원도,500이상700만원 미만,온라인,N,N,N,N,N,N
53369265,202302,M,30대,전라북도,500이상700만원 미만,오프라인,N,N,N,N,N,N
53369291,202302,M,30대,강원도,300만원 미만,온라인,N,N,N,N,N,N
53369378,202302,F,20대,서울특별시,300만원 미만,오프라인,N,N,N,N,N,N
53369517,202302,F,50대,제주특별자치도,300이상500만원 미만,오프라인,N,N,N,N,N,N
53369535,202302,F,30대,제주특별자치도,300만원 미만,온라인,N,N,N,N,N,N
53369546,202302,M,40대,부산광역시,300만원 미만,오프라인,N,N,N,N,N,N
53369551,202302,F,50대,부산광역시,무응답,온라인,N,N,N,N,N,N
53369552,202302,M,30대,부산광역시,300만원 미만,온라인,N,N,N,N,N,N
53369577,202302,F,20대,부산광역시,300만원 미만,오프라인,N,N,N,N,N,N
53369610,202302,M,50대,부산광역시,300이상500만원 미만,오프라인,N,N,N,N,N,N
53369630,202302,F,60대 이상,경기도,무응답,오프라인,N,N,N,N,N,N
53369701,202302,F,40대,강원도,300이상500만원 미만,온라인,Y,Y,N,N,N,N
53369810,202302,M,40대,부산광역시,500이상700만원 미만,오프라인,N,N,N,N,N,N
53369842,202302,F,50대,경상남도,300만원 미만,오프라인,N,N,N,N,N,N
53369903,202302,M,30대,강원도,300이상500만원 미만,오프라인,N,N,N,N,N,N
53369923,202302,M,30대,부산광역시,무응답,오프라인,N,N,N,N,N,N
53369977,202302,M,30대,강원도,300만원 미만,온라인,N,N,N,N,N,N
53369989,202302,F,40대,경기도,300이상500만원 미만,온라인,Y,N,N,N,N,N
53370009,202302,F,40대,부산광역시,300이상500만원 미만,오프라인,N,N,N,N,N,N
53370013,202302,M,50대,대전광역시,300만원 미만,오프라인,N,N,N,N,N,N
53370113,202302,F,30대,서울특별시,300만원 미만,오프라인,N,N,N,N,N,N
53370159,202302,M,40대,울산광역시,300만원 미만,오프라인,N,N,N,N,N,Y
53370229,202302,F,40대,부산광역시,300이상500만원 미만,오프라인,N,N,N,N,N,N
53370397,202302,F,60대 이상,전라북도,300이상500만원 미만,온라인,N,N,N,N,N,N
53370422,202302,F,30대,세종특별자치시,300이상500만원 미만,온라인,N,N,N,N,N,N
53370464,202302,F,50대,부산광역시,300만원 미만,오프라인,N,N,N,N,N,N
53370502,202302,M,50대,광주광역시,700만원 이상,온라인,N,N,N,N,N,N
53370695,202302,M,50대,경상북도,300만원 미만,온라인,N,N,N,N,N,N
53370722,202302,F,40대,경기도,500이상700만원 미만,온라인,Y,N,N,N,Y,N
53370749,202302,M,20대,부산광역시,500이상700만원 미만,오프라인,N,N,N,N,N,N
53370768,202302,F,50대,부산광역시,700만원 이상,오프라인,N,N,N,N,N,N
53371017,202302,F,50대,충청남도,500이상700만원 미만,오프라인,N,N,N,N,N,N
53371049,202302,M,30대,부산광역시,300만원 미만,오프라인,N,N,N,N,N,N
53371055,202302,M,50대,충청남도,300이상500만원 미만,온라인,N,N,N,N,N,N
53371151,202302,F,40대,대전광역시,300이상500만원 미만,온라인,N,N,N,N,N,N
53371342,202302,F,60대 이상,대전광역시,300이상500만원 미만,오프라인,N,N,N,N,N,N
53371442,202302,M,40대,강원도,300만원 미만,온라인,N,N,Y,N,N,N
53371458,202302,F,40대,광주광역시,300만원 미만,오프라인,N,N,N,N,N,N
53371540,202302,F,60대 이상,대전광역시,300만원 미만,온라인,N,N,N,N,N,N
53371568,202302,F,20대,강원도,500이상700만원 미만,온라인,Y,N,N,N,N,N
53371605,202302,M,50대,강원도,700만원 이상,오프라인,N,N,N,N,N,N
53371693,202302,M,20대,충청남도,무응답,온라인,N,N,N,N,N,N
53371820,202302,M,40대,대전광역시,300이상500만원 미만,오프라인,N,N,N,N,N,N
53371977,202302,F,50대,제주특별자치도,500이상700만원 미만,온라인,N,N,N,N,N,N
53372104,202302,F,50대,강원도,500이상700만원 미만,오프라인,N,N,N,N,N,N
53372256,202302,F,50대,충청남도,700만원 이상,오프라인,N,N,N,N,N,N
53372302,202302,F,60대 이상,전라북도,300만원 미만,온라인,N,N,N,N,N,N
53372314,202302,F,20대,강원도,700만원 이상,오프라인,N,N,N,N,N,N
53372356,202302,M,40대,부산광역시,무응답,오프라인,N,N,N,N,N,N
53372391,202302,F,50대,부산광역시,500이상700만원 미만,온라인,Y,N,N,N,N,N
53372426,202302,M,60대 이상,경상북도,700만원 이상,온라인,N,N,N,N,N,N
53372461,202302,F,50대,강원도,500이상700만원 미만,오프라인,N,N,N,N,N,N
53372491,202302,F,50대,충청남도,500이상700만원 미만,온라인,N,N,N,N,N,N
53372495,202302,F,60대 이상,경상북도,300이상500만원 미만,오프라인,N,N,N,N,N,N
53372636,202302,F,40대,강원도,300이상500만원 미만,온라인,N,N,N,N,N,N
53372759,202302,M,20대,부산광역시,300이상500만원 미만,오프라인,N,Y,Y,N,N,Y
53372919,202302,F,20대,강원도,300만원 미만,오프라인,N,N,N,N,N,N
53372938,202302,M,50대,울산광역시,700만원 이상,온라인,N,N,N,N,N,N
53373052,202302,F,30대,울산광역시,무응답,온라인,N,N,N,N,N,N
53373055,202302,F,30대,충청북도,500이상700만원 미만,오프라인,N,N,N,N,N,N
53373116,202302,F,40대,강원도,300만원 미만,오프라인,N,N,N,N,N,N
53373129,202302,F,30대,부산광역시,500이상700만원 미만,온라인,N,Y,Y,N,N,N
53373246,202302,M,30대,경상남도,500이상700만원 미만,온라인,Y,N,Y,N,N,N
53373267,202302,F,30대,세종특별자치시,무응답,온라인,N,N,N,N,N,N
53373292,202302,F,50대,강원도,300만원 미만,온라인,N,N,N,N,N,N
53373521,202302,F,30대,부산광역시,무응답,오프라인,N,N,N,N,N,N
53373542,202302,M,50대,강원도,700만원 이상,오프라인,N,N,N,N,N,N
53373579,202302,M,20대,경상남도,무응답,온라인,N,N,N,N,N,N
53373784,202302,F,30대,울산광역시,300이상500만원 미만,온라인,N,N,N,N,N,N
53373917,202302,M,60대 이상,대전광역시,300만원 미만,온라인,N,N,N,N,N,N
53374036,202302,M,20대,대전광역시,500이상700만원 미만,오프라인,Y,N,N,N,N,N
53374070,202302,F,50대,충청남도,700만원 이상,온라인,N,N,N,N,N,N
53374150,202302,M,50대,부산광역시,500이상700만원 미만,온라인,N,N,N,N,N,N
53374170,202302,F,20대,경상북도,500이상700만원 미만,온라인,N,N,N,N,N,N
53374174,202302,M,30대,강원도,300이상500만원 미만,오프라인,N,N,N,N,N,N
53374193,202302,F,30대,광주광역시,300이상500만원 미만,온라인,N,N,N,N,N,N
53374227,202302,F,30대,강원도,700만원 이상,오프라인,N,N,N,N,N,N
53374239,202302,F,60대 이상,부산광역시,300만원 미만,온라인,N,Y,N,N,N,N
53374288,202302,M,20대,세종특별자치시,무응답,오프라인,N,N,N,N,N,N
53374384,202302,F,60대 이상,경상북도,300이상500만원 미만,오프라인,N,N,N,N,N,N
53374609,202302,M,40대,대전광역시,무응답,온라인,N,N,N,N,N,N
53374641,202302,M,40대,부산광역시,300이상500만원 미만,온라인,N,N,N,N,N,N
53374698,202302,F,50대,강원도,무응답,오프라인,N,N,N,N,N,N
53374771,202302,M,50대,부산광역시,700만원 이상,온라인,N,N,N,N,N,N
53374888,202302,M,30대,경상북도,300만원 미만,오프라인,N,N,N,N,N,N
53374934,202302,F,30대,강원도,300이상500만원 미만,오프라인,N,N,N,N,N,N
53374950,202302,F,20대,경상남도,무응답,오프라인,N,N,N,N,N,N
53374999,202302,M,50대,세종특별자치시,500이상700만원 미만,오프라인,N,N,N,N,N,N
53375026,202302,M,50대,강원도,300이상500만원 미만,오프라인,N,N,N,N,N,N
53375296,202302,M,60대 이상,제주특별자치도,300만원 미만,온라인,N,N,N,N,N,N
53375403,202302,M,20대,경기도,300만원 미만,오프라인,N,N,N,N,N,N
53375417,202302,F,20대,경상북도,500이상700만원 미만,오프라인,N,N,N,N,N,N
53375479,202302,F,20대,강원도,500이상700만원 미만,온라인,N,N,N,N,N,N
53375480,202302,F,60대 이상,강원도,300만원 미만,오프라인,N,N,N,N,N,N
53375667,202302,F,60대 이상,부산광역시,700만원 이상,오프라인,N,N,N,N,N,N
53375806,202302,F,60대 이상,부산광역시,500이상700만원 미만,온라인,N,N,N,N,N,N
53375985,202302,F,50대,부산광역시,700만원 이상,온라인,N,N,N,N,N,N
53376008,202302,M,40대,강원도,300만원 미만,온라인,N,N,N,N,N,N
53376171,202302,M,30대,충청남도,300만원 미만,오프라인,N,N,N,N,N,N
53376291,202302,M,50대,경상남도,700만원 이상,온라인,N,N,N,N,N,N
53376368,202302,M,40대,강원도,700만원 이상,온라인,N,N,N,N,N,N
53376375,202302,F,40대,경상남도,700만원 이상,오프라인,N,N,N,N,N,N
53376381,202302,F,60대 이상,경기도,500이상700만원 미만,오프라인,N,N,N,N,N,N
53376382,202302,M,20대,충청남도,무응답,오프라인,N,N,N,N,N,N
53376421,202302,F,60대 이상,부산광역시,700만원 이상,오프라인,N,N,N,N,N,N
53376444,202302,F,30대,전라남도,300만원 미만,오프라인,N,N,N,N,N,N
53376499,202302,F,40대,충청북도,무응답,오프라인,N,N,N,N,N,N
53376551,202302,M,40대,부산광역시,300이상500만원 미만,온라인,N,N,N,N,N,N
53376558,202302,F,30대,경기도,500이상700만원 미만,온라인,N,N,N,N,N,N
53376766,202302,M,40대,강원도,무응답,온라인,N,N,N,N,N,N
53376807,202302,M,30대,강원도,무응답,온라인,N,N,N,N,N,N
53376834,202302,M,30대,강원도,300만원 미만,오프라인,N,N,N,N,N,N
53376869,202302,F,20대,경기도,700만원 이상,온라인,N,N,N,N,N,N
53376903,202302,M,60대 이상,강원도,300만원 미만,온라인,N,N,N,N,N,N
53376992,202302,F,50대,제주특별자치도,300만원 미만,온라인,Y,N,N,N,N,N
53377013,202302,F,20대,인천광역시,300만원 미만,오프라인,N,N,N,N,N,N
53377211,202302,F,60대 이상,경상북도,700만원 이상,오프라인,N,N,N,N,N,N
53377320,202302,M,40대,경상북도,300만원 미만,온라인,Y,N,N,N,N,N
53377366,202302,F,40대,대구광역시,500이상700만원 미만,온라인,Y,N,N,N,N,N
172192,202302,M,20대,충청남도,300이상500만원 미만,오프라인,N,N,N,N,N,N
237625,202302,M,20대,강원도,무응답,오프라인,Y,N,N,N,N,N
270985,202302,M,20대,강원도,무응답,오프라인,N,N,N,N,N,N
272864,202302,M,20대,충청남도,300만원 미만,오프라인,N,N,N,N,N,N
338185,202302,M,20대,제주특별자치도,300만원 미만,온라인,N,N,N,N,N,N
361055,202302,M,20대,부산광역시,500이상700만원 미만,오프라인,N,N,N,N,N,N
365446,202302,M,20대,광주광역시,무응답,오프라인,N,N,N,N,N,N
366830,202302,M,20대,제주특별자치도,300만원 미만,오프라인,N,N,N,N,N,N
367394,202302,M,20대,경상북도,500이상700만원 미만,온라인,N,N,N,N,Y,Y
367964,202302,M,20대,강원도,300이상500만원 미만,온라인,N,N,N,N,N,N
369920,202302,M,20대,제주특별자치도,300만원 미만,온라인,N,N,N,N,N,N
391560,202302,M,20대,대구광역시,300만원 미만,온라인,N,N,N,N,N,N
393558,202302,M,20대,강원도,500이상700만원 미만,오프라인,N,N,N,N,N,N
400936,202302,M,20대,세종특별자치시,700만원 이상,오프라인,N,N,N,N,N,N
401179,202302,M,20대,경상남도,무응답,온라인,N,N,N,N,N,N
402076,202302,M,20대,강원도,700만원 이상,오프라인,N,N,N,N,N,N
402376,202302,M,20대,부산광역시,무응답,온라인,N,N,N,N,N,N
402546,202302,M,20대,경상남도,무응답,오프라인,N,Y,Y,N,N,N
409432,202302,M,20대,부산광역시,300만원 미만,오프라인,N,N,N,N,N,N
411715,202302,M,20대,경상남도,무응답,온라인,N,N,N,N,N,N
412347,202302,M,20대,경상남도,무응답,온라인,N,N,N,N,N,N
415105,202302,M,20대,강원도,무응답,온라인,N,N,N,N,N,N
421159,202302,M,20대,부산광역시,무응답,온라인,Y,N,Y,N,N,N
422149,202302,M,20대,대구광역시,300만원 미만,온라인,N,N,N,N,N,N
423731,202302,M,20대,경상북도,300이상500만원 미만,온라인,N,N,Y,Y,Y,Y
424808,202302,M,20대,강원도,700만원 이상,온라인,N,N,N,N,N,N
425726,202302,M,20대,부산광역시,500이상700만원 미만,온라인,N,N,N,N,N,N
425951,202302,M,20대,경상북도,무응답,오프라인,N,N,N,N,N,N
426315,202302,M,20대,서울특별시,300만원 미만,오프라인,N,N,N,N,N,N
426357,202302,M,20대,강원도,700만원 이상,온라인,N,N,N,N,N,N
426536,202302,M,20대,부산광역시,300만원 미만,오프라인,N,N,N,N,N,N
426719,202302,M,20대,서울특별시,500이상700만원 미만,오프라인,N,N,N,N,N,N
427537,202302,M,20대,울산광역시,무응답,오프라인,N,N,N,N,N,N
428661,202302,M,20대,강원도,300만원 미만,온라인,N,N,N,N,N,N
429090,202302,M,20대,충청남도,무응답,오프라인,Y,N,N,N,N,N
432014,202302,M,20대,울산광역시,300만원 미만,오프라인,N,N,N,N,N,N
436643,202302,M,20대,강원도,700만원 이상,온라인,N,N,N,N,N,N
438702,202302,M,20대,대전광역시,700만원 이상,온라인,N,N,N,N,N,N
441439,202302,M,20대,경상북도,700만원 이상,오프라인,N,N,N,N,N,N
442800,202302,M,20대,경상북도,300만원 미만,온라인,N,N,N,N,N,N
444811,202302,M,20대,제주특별자치도,300만원 미만,오프라인,N,N,N,N,N,N
447437,202302,M,20대,대전광역시,무응답,오프라인,N,Y,Y,N,N,N
448450,202302,M,20대,강원도,무응답,온라인,N,N,N,N,N,N
449293,202302,M,20대,부산광역시,500이상700만원 미만,온라인,N,N,N,N,N,N
451126,202302,M,20대,부산광역시,300만원 미만,온라인,N,N,N,N,N,N
451911,202302,M,20대,강원도,300이상500만원 미만,오프라인,N,N,N,N,N,N
451920,202302,M,20대,경기도,300이상500만원 미만,온라인,N,N,N,N,Y,N
452730,202302,M,20대,경상남도,500이상700만원 미만,온라인,N,N,N,N,N,N
2954660,202302,M,20대,부산광역시,무응답,온라인,N,N,N,N,N,N
2955843,202302,M,20대,부산광역시,300만원 미만,온라인,N,N,N,N,N,N
2957353,202302,M,20대,경상남도,300이상500만원 미만,온라인,N,N,N,N,N,N
3037308,202302,M,20대,강원도,700만원 이상,온라인,N,N,N,N,N,N
3048152,202302,M,20대,부산광역시,300만원 미만,온라인,N,N,N,Y,N,N
3085908,202302,M,20대,부산광역시,무응답,온라인,N,N,N,N,N,N
3094289,202302,M,20대,울산광역시,무응답,온라인,N,N,N,N,N,N
3107110,202302,M,20대,강원도,무응답,온라인,N,N,N,N,N,N
3124314,202302,M,20대,부산광역시,무응답,온라인,Y,N,Y,N,N,N
3159036,202302,M,20대,강원도,300이상500만원 미만,오프라인,N,N,N,N,N,N
3186132,202302,M,20대,전라남도,무응답,오프라인,N,N,N,N,N,N
3199154,202302,M,20대,경상북도,300만원 미만,오프라인,N,N,N,N,N,N
53322211,202302,M,40대,강원도,300만원 미만,온라인,N,N,Y,N,Y,N
53322221,202302,F,20대,강원도,무응답,오프라인,N,N,N,N,N,N
53322235,202302,F,20대,강원도,무응답,오프라인,N,N,N,N,N,N
53322326,202302,M,40대,강원도,700만원 이상,온라인,N,N,N,N,N,N
53322357,202302,F,60대 이상,강원도,300이상500만원 미만,오프라인,N,N,N,N,N,N
53322363,202302,F,60대 이상,강원도,700만원 이상,오프라인,N,N,N,N,N,N
53322384,202302,M,40대,강원도,300만원 미만,온라인,Y,N,N,N,N,N
53322398,202302,F,50대,강원도,300만원 미만,오프라인,N,N,N,N,N,N
53322432,202302,M,50대,강원도,300이상500만원 미만,오프라인,N,N,N,N,N,N
53322531,202302,M,60대 이상,강원도,700만원 이상,온라인,N,N,N,N,N,N
53322566,202302,M,40대,강원도,300만원 미만,오프라인,N,N,N,N,N,N
53322714,202302,M,20대,강원도,500이상700만원 미만,오프라인,N,N,N,N,N,N
53322749,202302,F,20대,강원도,무응답,오프라인,N,N,N,N,N,N
53322825,202302,F,20대,강원도,500이상700만원 미만,오프라인,N,N,N,N,N,N
53322868,202302,F,20대,강원도,무응답,온라인,N,N,N,N,N,N
53322943,202302,M,50대,강원도,500이상700만원 미만,오프라인,N,N,N,N,N,N
53322968,202302,M,40대,강원도,300만원 미만,오프라인,N,N,N,N,N,N
53323049,202302,M,20대,강원도,500이상700만원 미만,오프라인,N,N,N,N,N,N
53323080,202302,F,50대,강원도,700만원 이상,온라인,N,Y,N,Y,N,N
53323201,202302,M,60대 이상,강원도,700만원 이상,온라인,N,N,N,N,N,N
53323260,202302,M,40대,강원도,300이상500만원 미만,오프라인,N,N,N,N,N,N
53323272,202302,F,50대,강원도,무응답,온라인,N,N,N,N,N,N
53323283,202302,F,40대,강원도,700만원 이상,온라인,Y,Y,N,N,N,N
53323333,202302,M,30대,강원도,700만원 이상,온라인,N,N,N,N,N,N
53323442,202302,F,60대 이상,강원도,300이상500만원 미만,오프라인,N,N,N,N,N,N
53323501,202302,F,30대,강원도,300이상500만원 미만,온라인,N,N,N,N,N,N
53323679,202302,M,40대,강원도,700만원 이상,오프라인,N,N,N,N,N,N
53323713,202302,F,50대,강원도,500이상700만원 미만,온라인,N,N,N,N,N,N
53323716,202302,F,60대 이상,강원도,300이상500만원 미만,오프라인,N,N,N,N,N,N
53323764,202302,F,40대,강원도,700만원 이상,오프라인,N,N,N,N,N,N
53323782,202302,M,50대,강원도,500이상700만원 미만,온라인,N,N,N,N,N,N
53323856,202302,F,20대,강원도,300이상500만원 미만,오프라인,N,N,N,N,N,N
53323903,202302,F,30대,세종특별자치시,500이상700만원 미만,온라인,N,N,N,N,N,N
53324052,202302,M,30대,강원도,무응답,오프라인,N,N,N,N,N,N
53324058,202302,F,30대,강원도,무응답,온라인,N,N,N,N,N,N
53324115,202302,M,60대 이상,강원도,무응답,오프라인,N,N,N,N,N,N
53324136,202302,M,40대,강원도,300이상500만원 미만,온라인,N,N,N,N,N,N
53324151,202302,F,50대,강원도,700만원 이상,온라인,Y,N,N,Y,N,N
53324225,202302,F,30대,강원도,500이상700만원 미만,오프라인,N,N,N,N,N,N
53324319,202302,F,20대,강원도,300만원 미만,오프라인,N,N,N,N,N,N
53324324,202302,F,50대,강원도,700만원 이상,온라인,N,N,N,N,N,N
53324326,202302,M,50대,강원도,300만원 미만,온라인,N,N,N,N,N,N
53324336,202302,F,50대,강원도,500이상700만원 미만,오프라인,N,N,N,N,N,N
53324440,202302,F,20대,강원도,무응답,온라인,N,N,N,N,N,N
53324448,202302,M,30대,강원도,300만원 미만,오프라인,N,N,N,N,N,N
53324486,202302,M,40대,강원도,300만원 미만,온라인,N,N,N,N,N,N
53324582,202302,M,50대,강원도,700만원 이상,오프라인,N,N,N,N,N,N
53324739,202302,F,20대,강원도,500이상700만원 미만,오프라인,N,N,N,N,N,N
53324751,202302,F,60대 이상,강원도,700만원 이상,온라인,N,N,N,N,N,N
53324755,202302,M,60대 이상,강원도,300만원 미만,오프라인,N,N,N,N,N,N
53324872,202302,M,60대 이상,강원도,300만원 미만,온라인,N,N,N,N,N,N
53324874,202302,F,50대,강원도,300이상500만원 미만,온라인,N,N,N,N,N,N
53324941,202302,F,60대 이상,강원도,500이상700만원 미만,온라인,N,N,N,N,N,N
53324986,202302,M,60대 이상,강원도,500이상700만원 미만,온라인,N,N,N,N,N,N
53325339,202302,M,50대,강원도,무응답,온라인,N,N,N,N,N,N
53325366,202302,F,30대,강원도,700만원 이상,오프라인,N,N,N,N,N,N
53325428,202302,F,40대,부산광역시,500이상700만원 미만,오프라인,N,N,N,N,N,N
53325524,202302,M,60대 이상,세종특별자치시,300이상500만원 미만,온라인,N,N,N,N,N,N
53325539,202302,F,50대,부산광역시,300이상500만원 미만,온라인,N,N,N,N,N,N
53325710,202302,M,60대 이상,부산광역시,700만원 이상,온라인,N,N,N,N,N,N
53325773,202302,F,50대,충청남도,무응답,온라인,N,N,N,N,N,N
53325838,202302,F,30대,울산광역시,500이상700만원 미만,오프라인,N,N,N,N,N,N
53325857,202302,F,40대,경기도,700만원 이상,온라인,N,N,N,N,N,N
53325858,202302,F,20대,강원도,500이상700만원 미만,오프라인,N,Y,N,N,N,N
53326056,202302,F,40대,울산광역시,700만원 이상,온라인,N,N,N,N,N,N
53326276,202302,M,60대 이상,충청북도,300만원 미만,오프라인,N,N,N,N,N,N
53326290,202302,F,50대,부산광역시,무응답,온라인,N,N,N,N,N,N
53326294,202302,F,30대,부산광역시,700만원 이상,온라인,N,N,N,N,N,N
53326370,202302,M,30대,대구광역시,300만원 미만,오프라인,N,N,N,N,N,N
53326419,202302,F,50대,대전광역시,700만원 이상,온라인,N,N,N,N,N,N
53326430,202302,M,30대,강원도,500이상700만원 미만,오프라인,N,N,N,N,N,N
53326460,202302,F,40대,경상북도,무응답,오프라인,N,N,N,N,N,N
53326494,202302,F,40대,서울특별시,700만원 이상,오프라인,N,N,N,N,N,N
53326533,202302,M,40대,충청남도,300이상500만원 미만,온라인,N,N,N,N,N,N
53326562,202302,M,60대 이상,부산광역시,300이상500만원 미만,온라인,N,N,N,N,N,N
53326569,202302,F,50대,강원도,700만원 이상,온라인,N,N,N,N,N,N
53326586,202302,F,40대,부산광역시,500이상700만원 미만,온라인,Y,N,N,N,N,N
53326589,202302,M,50대,부산광역시,300만원 미만,오프라인,N,N,N,N,N,N
53326610,202302,M,50대,경상남도,500이상700만원 미만,온라인,N,N,N,N,N,N
53326638,202302,F,40대,강원도,700만원 이상,온라인,N,Y,N,Y,N,N
53326642,202302,F,40대,전라남도,무응답,오프라인,N,N,N,N,N,N
53326683,202302,M,30대,광주광역시,300만원 미만,오프라인,N,N,N,N,N,N
53326824,202302,M,40대,부산광역시,300만원 미만,오프라인,N,N,N,N,N,N
53326835,202302,F,40대,부산광역시,700만원 이상,오프라인,N,N,N,N,N,N
53326867,202302,M,50대,대전광역시,300이상500만원 미만,오프라인,N,N,N,N,N,N
53326887,202302,M,60대 이상,경기도,700만원 이상,오프라인,N,N,N,N,N,N
53326899,202302,M,50대,부산광역시,300만원 미만,오프라인,N,N,N,N,N,N
53326908,202302,F,50대,광주광역시,500이상700만원 미만,오프라인,Y,N,N,N,N,Y
53326939,202302,M,40대,경기도,500이상700만원 미만,온라인,N,N,N,N,N,N
53327011,202302,F,50대,부산광역시,500이상700만원 미만,온라인,N,N,N,N,N,N
53327036,202302,M,20대,부산광역시,300만원 미만,온라인,N,N,N,N,N,N
53327073,202302,M,50대,부산광역시,300이상500만원 미만,오프라인,N,N,N,N,N,N
53327160,202302,M,60대 이상,광주광역시,500이상700만원 미만,온라인,N,N,N,N,N,N
53327194,202302,F,20대,경기도,무응답,오프라인,N,N,N,N,N,N
53327281,202302,F,40대,부산광역시,700만원 이상,온라인,Y,N,N,N,N,N
53327360,202302,M,60대 이상,경기도,무응답,오프라인,N,N,N,N,N,N
53327364,202302,M,50대,경기도,500이상700만원 미만,오프라인,N,N,N,N,N,N
53327366,202302,M,60대 이상,세종특별자치시,300만원 미만,온라인,N,N,N,N,N,N
53327404,202302,F,60대 이상,경기도,300만원 미만,온라인,N,N,N,N,N,N
53327485,202302,F,40대,경상북도,300만원 미만,온라인,N,N,N,N,N,N
53327502,202302,M,20대,부산광역시,무응답,온라인,Y,N,N,N,N,N
53327503,202302,M,60대 이상,부산광역시,300만원 미만,온라인,N,N,N,N,N,N
53327534,202302,M,20대,광주광역시,무응답,온라인,N,N,N,N,N,N
53327631,202302,F,40대,광주광역시,무응답,온라인,N,Y,N,N,Y,N
53327635,202302,M,60대 이상,대구광역시,300만원 미만,온라인,N,N,N,N,N,N
53327705,202302,M,40대,전라북도,500이상700만원 미만,온라인,N,N,N,N,N,N
53327849,202302,M,60대 이상,제주특별자치도,300이상500만원 미만,오프라인,N,N,N,N,N,N
53327865,202302,F,50대,경상남도,300이상500만원 미만,온라인,N,N,N,N,N,N
53327953,202302,F,60대 이상,강원도,300이상500만원 미만,오프라인,N,N,N,N,N,N
53328042,202302,M,30대,부산광역시,무응답,온라인,N,N,N,N,N,N
53328181,202302,M,60대 이상,경기도,무응답,오프라인,N,N,N,N,N,N
53328235,202302,F,30대,부산광역시,700만원 이상,온라인,N,N,N,N,N,N
53328298,202302,M,30대,제주특별자치도,500이상700만원 미만,오프라인,N,N,N,N,N,N
53328351,202302,M,30대,광주광역시,300이상500만원 미만,온라인,N,N,N,N,N,N
53328374,202302,F,50대,경상북도,700만원 이상,온라인,N,N,N,N,N,N
53328402,202302,M,30대,강원도,300이상500만원 미만,온라인,N,N,N,N,N,N
53328704,202302,F,20대,울산광역시,300만원 미만,온라인,N,N,Y,N,N,N
53328897,202302,F,40대,울산광역시,500이상700만원 미만,오프라인,N,N,N,N,N,N
53328916,202302,F,50대,강원도,700만원 이상,오프라인,N,N,N,N,N,N
53328946,202302,F,50대,강원도,700만원 이상,오프라인,N,N,N,N,N,N
53328948,202302,M,40대,부산광역시,300만원 미만,오프라인,N,N,N,N,N,N
53329139,202302,F,60대 이상,울산광역시,무응답,오프라인,N,N,N,N,N,N
53329228,202302,M,50대,광주광역시,700만원 이상,온라인,N,N,N,N,N,N
53329287,202302,F,30대,부산광역시,300이상500만원 미만,오프라인,N,N,N,N,N,N
53329303,202302,M,40대,서울특별시,700만원 이상,온라인,N,N,N,N,N,N
53329324,202302,M,40대,강원도,700만원 이상,온라인,N,N,Y,N,N,N
53329411,202302,M,30대,강원도,500이상700만원 미만,온라인,Y,N,N,N,N,N
53329441,202302,F,50대,부산광역시,700만원 이상,오프라인,N,N,N,N,N,N
53329528,202302,M,40대,광주광역시,무응답,오프라인,N,Y,N,N,N,N
53329589,202302,F,40대,부산광역시,무응답,오프라인,N,N,N,N,N,N
53329625,202302,M,40대,경상북도,300만원 미만,오프라인,N,N,N,N,N,N
53329629,202302,M,40대,제주특별자치도,300이상500만원 미만,온라인,N,N,N,N,N,N
53329767,202302,F,50대,부산광역시,무응답,오프라인,N,N,N,N,N,N
53329770,202302,F,60대 이상,강원도,700만원 이상,온라인,N,N,N,N,N,N
53329828,202302,F,30대,세종특별자치시,300만원 미만,오프라인,N,N,N,N,N,N
53329896,202302,M,50대,부산광역시,300이상500만원 미만,오프라인,N,N,N,N,N,N
53329959,202302,F,60대 이상,강원도,300만원 미만,온라인,N,N,N,N,N,N
53330017,202302,M,30대,충청남도,300만원 미만,온라인,N,N,N,N,N,N
53330061,202302,M,50대,부산광역시,500이상700만원 미만,오프라인,N,N,N,N,N,N
53330089,202302,M,20대,세종특별자치시,무응답,온라인,N,N,N,Y,N,N
53330298,202302,F,20대,부산광역시,무응답,오프라인,N,N,N,N,N,N
53330395,202302,F,20대,경기도,300만원 미만,오프라인,N,N,N,N,N,N
53330432,202302,M,40대,강원도,500이상700만원 미만,오프라인,N,N,N,N,N,N
53330460,202302,F,40대,부산광역시,500이상700만원 미만,온라인,N,N,N,N,N,N
53330497,202302,M,50대,대구광역시,700만원 이상,오프라인,N,N,N,N,N,N
53330580,202302,F,40대,경기도,300이상500만원 미만,오프라인,N,N,N,N,N,N
53330587,202302,F,30대,대구광역시,700만원 이상,온라인,N,N,N,N,N,N
53330594,202302,F,50대,강원도,700만원 이상,오프라인,N,N,N,N,N,N
53330808,202302,F,30대,부산광역시,700만원 이상,오프라인,N,N,N,N,N,N
53331057,202302,F,30대,부산광역시,700만원 이상,온라인,N,N,N,N,N,N
53331154,202302,F,20대,전라북도,무응답,온라인,N,N,N,N,N,N
53331165,202302,F,50대,경상남도,무응답,오프라인,N,N,N,N,N,N
53331193,202302,M,50대,부산광역시,700만원 이상,온라인,N,N,N,N,N,N
53331196,202302,M,50대,대전광역시,300만원 미만,온라인,N,N,N,N,N,N
53331233,202302,F,30대,경기도,700만원 이상,온라인,Y,N,N,Y,Y,N
53331300,202302,M,60대 이상,경기도,700만원 이상,온라인,N,N,N,N,N,N
53331311,202302,F,40대,부산광역시,700만원 이상,오프라인,N,N,N,N,N,N
53331343,202302,F,20대,부산광역시,무응답,온라인,N,N,N,N,N,N
53331389,202302,M,20대,강원도,무응답,오프라인,N,N,N,N,N,N
53331423,202302,F,40대,경상남도,500이상700만원 미만,오프라인,N,N,N,N,N,N
53331608,202302,M,60대 이상,서울특별시,300이상500만원 미만,온라인,N,N,N,N,N,N
53331629,202302,F,40대,부산광역시,700만원 이상,오프라인,N,N,N,N,N,N
53331657,202302,M,30대,부산광역시,무응답,오프라인,N,N,N,N,N,N
53331741,202302,M,50대,부산광역시,300만원 미만,오프라인,N,N,N,N,N,N
53331756,202302,M,20대,부산광역시,무응답,오프라인,Y,N,N,N,N,N
53331773,202302,F,30대,제주특별자치도,300만원 미만,오프라인,N,N,N,N,N,N
53331896,202302,F,60대 이상,부산광역시,300이상500만원 미만,온라인,N,N,N,N,N,N
53331960,202302,F,30대,충청북도,무응답,오프라인,N,N,N,N,N,N
53331979,202302,F,30대,대구광역시,300이상500만원 미만,온라인,N,N,N,N,N,N
53332267,202302,M,30대,광주광역시,300만원 미만,온라인,N,N,N,N,N,N
53332367,202302,F,60대 이상,경기도,300만원 미만,온라인,N,N,N,N,N,N
53332382,202302,F,20대,부산광역시,무응답,오프라인,N,N,N,N,N,N
53332562,202302,F,20대,부산광역시,700만원 이상,온라인,N,N,N,N,N,N
53332724,202302,F,60대 이상,경상남도,300만원 미만,온라인,Y,N,N,N,N,Y
53332727,202302,F,60대 이상,울산광역시,300이상500만원 미만,오프라인,N,N,N,N,N,N
53332809,202302,F,20대,경기도,300만원 미만,오프라인,N,N,N,N,N,N
53332848,202302,F,40대,울산광역시,300만원 미만,오프라인,N,N,N,N,N,N
53332893,202302,F,30대,전라북도,300이상500만원 미만,오프라인,N,N,N,N,N,N
53332906,202302,M,30대,제주특별자치도,300만원 미만,오프라인,N,N,N,N,N,N
53333009,202302,F,40대,부산광역시,무응답,오프라인,N,N,N,N,N,N
53333010,202302,M,50대,경상북도,700만원 이상,오프라인,N,N,N,N,N,N
53333039,202302,F,20대,경기도,300이상500만원 미만,오프라인,N,N,N,N,N,N
53333069,202302,M,20대,경상북도,700만원 이상,오프라인,N,N,N,N,N,N
53333076,202302,F,30대,제주특별자치도,무응답,오프라인,N,N,N,N,N,N
53333106,202302,M,50대,경상북도,700만원 이상,온라인,N,N,N,N,N,N
53333166,202302,F,50대,세종특별자치시,500이상700만원 미만,온라인,N,N,N,N,N,N
53333180,202302,F,40대,부산광역시,700만원 이상,오프라인,N,N,N,N,N,N
53333306,202302,F,50대,제주특별자치도,300만원 미만,온라인,N,N,N,N,N,N
53333318,202302,M,30대,부산광역시,500이상700만원 미만,온라인,N,N,N,N,N,N
53333358,202302,M,30대,경상북도,무응답,오프라인,N,Y,N,N,N,N
53333362,202302,M,50대,충청북도,300만원 미만,오프라인,N,N,N,N,N,N
53333460,202302,M,30대,강원도,무응답,온라인,N,N,Y,N,N,N
53333617,202302,M,40대,부산광역시,무응답,온라인,N,N,N,N,N,N
53333635,202302,M,50대,부산광역시,700만원 이상,온라인,Y,N,N,N,N,N
53333636,202302,M,30대,제주특별자치도,300이상500만원 미만,온라인,N,N,N,N,N,N
53333757,202302,F,50대,강원도,300만원 미만,오프라인,N,N,N,N,N,N
53333774,202302,F,50대,제주특별자치도,500이상700만원 미만,오프라인,N,N,N,N,N,N
53333776,202302,M,30대,부산광역시,300만원 미만,오프라인,N,N,Y,N,N,N
53333781,202302,F,30대,부산광역시,무응답,오프라인,N,N,N,N,N,N
53333838,202302,F,50대,부산광역시,700만원 이상,오프라인,N,N,N,N,N,N
53333880,202302,F,30대,제주특별자치도,무응답,오프라인,N,N,N,N,N,N
53334018,202302,F,50대,부산광역시,700만원 이상,오프라인,N,N,N,N,N,N
53334135,202302,M,50대,서울특별시,700만원 이상,오프라인,N,N,N,N,N,N
53334153,202302,M,40대,경기도,300만원 미만,오프라인,N,N,N,N,N,N
53334154,202302,M,40대,강원도,300이상500만원 미만,온라인,N,N,N,N,N,N
53334279,202302,F,40대,부산광역시,500이상700만원 미만,온라인,N,N,N,N,N,N
53334398,202302,M,40대,경상북도,500이상700만원 미만,온라인,N,N,N,N,N,N
53334457,202302,M,40대,경상북도,300만원 미만,온라인,N,N,N,N,N,N
53334471,202302,F,20대,부산광역시,무응답,오프라인,N,N,N,N,N,N
53334489,202302,M,50대,부산광역시,300이상500만원 미만,온라인,N,N,N,N,N,N
53334491,202302,M,50대,세종특별자치시,700만원 이상,오프라인,N,N,N,N,N,N
53334551,202302,F,20대,울산광역시,300이상500만원 미만,오프라인,N,Y,Y,N,N,N
53334599,202302,F,30대,충청남도,700만원 이상,온라인,Y,Y,N,Y,N,Y
53334607,202302,F,20대,충청남도,무응답,온라인,Y,Y,N,Y,Y,N
53334614,202302,F,40대,강원도,300이상500만원 미만,온라인,N,N,N,Y,N,N
53334639,202302,F,40대,부산광역시,300이상500만원 미만,오프라인,N,N,N,N,N,N
53334721,202302,F,40대,강원도,300이상500만원 미만,온라인,N,N,N,N,N,N
53334753,202302,F,50대,전라북도,300이상500만원 미만,온라인,N,N,N,N,N,N
53334900,202302,F,20대,충청남도,700만원 이상,온라인,N,N,N,N,N,N
53334993,202302,M,30대,강원도,300이상500만원 미만,온라인,N,N,N,N,N,N
53334995,202302,M,40대,강원도,300만원 미만,오프라인,N,N,N,N,N,N
53335071,202302,M,50대,전라남도,무응답,온라인,N,N,N,N,N,N
53335153,202302,F,60대 이상,강원도,300이상500만원 미만,오프라인,N,N,N,N,N,N
53335154,202302,F,30대,광주광역시,500이상700만원 미만,오프라인,N,N,N,N,N,N
53335223,202302,M,50대,경기도,300만원 미만,온라인,N,N,N,N,N,N
53335274,202302,F,40대,경기도,300만원 미만,온라인,Y,Y,N,N,N,N
53335279,202302,M,50대,세종특별자치시,300이상500만원 미만,오프라인,N,N,N,N,N,N
53335399,202302,M,50대,부산광역시,300만원 미만,온라인,N,N,N,N,N,N
53335445,202302,M,50대,제주특별자치도,500이상700만원 미만,오프라인,Y,N,N,N,N,N
53335449,202302,M,40대,경기도,300만원 미만,온라인,N,N,N,N,N,N
53335453,202302,F,30대,강원도,300이상500만원 미만,오프라인,N,N,N,N,N,N
53335488,202302,M,40대,부산광역시,700만원 이상,오프라인,N,N,N,N,N,N
53335509,202302,M,40대,충청남도,700만원 이상,온라인,Y,N,Y,Y,N,N
53335519,202302,M,30대,제주특별자치도,무응답,오프라인,N,N,N,N,N,N
53335587,202302,F,30대,인천광역시,700만원 이상,온라인,N,N,N,N,N,N
53335656,202302,F,60대 이상,강원도,무응답,온라인,N,N,N,N,N,N
53335675,202302,F,30대,울산광역시,무응답,온라인,N,N,N,N,N,N
53335692,202302,F,20대,부산광역시,무응답,온라인,N,N,N,N,N,N
53335701,202302,F,20대,부산광역시,300이상500만원 미만,온라인,N,N,N,N,N,N
53335755,202302,F,40대,서울특별시,300이상500만원 미만,오프라인,N,N,N,N,N,N
53335797,202302,F,20대,부산광역시,700만원 이상,오프라인,N,N,N,N,N,N
53335809,202302,F,30대,경기도,700만원 이상,온라인,Y,N,N,N,N,N
53335914,202302,M,30대,강원도,700만원 이상,오프라인,N,N,N,N,N,N
53335917,202302,F,30대,강원도,무응답,온라인,N,N,N,N,N,N
53336002,202302,F,40대,경상남도,500이상700만원 미만,오프라인,N,N,N,N,N,N
53336030,202302,M,60대 이상,강원도,300만원 미만,온라인,N,N,N,N,N,N
53336094,202302,M,60대 이상,대구광역시,300이상500만원 미만,온라인,N,N,N,N,N,N
53336099,202302,F,50대,강원도,700만원 이상,오프라인,N,N,N,N,N,N
53336126,202302,M,60대 이상,부산광역시,무응답,오프라인,N,N,N,N,N,N
53336187,202302,M,40대,서울특별시,300만원 미만,온라인,N,N,N,N,N,N
53336215,202302,F,30대,충청남도,300이상500만원 미만,오프라인,N,N,N,N,N,N
53336284,202302,F,30대,경상북도,300만원 미만,온라인,N,N,N,N,N,N
53336337,202302,M,30대,전라남도,300이상500만원 미만,오프라인,N,N,N,N,N,N
53336345,202302,M,40대,경상남도,300만원 미만,오프라인,N,N,N,N,N,N
53336406,202302,M,50대,제주특별자치도,300만원 미만,오프라인,N,N,N,N,N,N
53336433,202302,M,30대,부산광역시,300이상500만원 미만,온라인,N,N,N,N,N,N
53336500,202302,M,60대 이상,강원도,무응답,오프라인,N,N,N,N,N,N
53336537,202302,M,50대,충청남도,300이상500만원 미만,오프라인,N,N,N,N,N,N
53336604,202302,F,30대,경상북도,700만원 이상,온라인,N,N,N,N,N,N
53336646,202302,F,50대,강원도,300만원 미만,온라인,Y,N,N,N,N,N
53336658,202302,M,40대,강원도,700만원 이상,오프라인,N,N,N,N,N,N
53336674,202302,M,20대,부산광역시,500이상700만원 미만,오프라인,N,N,N,N,N,N
53336858,202302,F,20대,강원도,300만원 미만,오프라인,N,N,N,N,N,N
53336914,202302,F,40대,강원도,700만원 이상,온라인,N,N,N,N,N,N
53336949,202302,F,40대,강원도,700만원 이상,온라인,Y,Y,Y,Y,Y,Y
53337084,202302,M,40대,강원도,500이상700만원 미만,오프라인,N,N,N,N,N,N
53337088,202302,F,30대,부산광역시,700만원 이상,오프라인,N,N,N,N,N,N
53337099,202302,M,60대 이상,광주광역시,300이상500만원 미만,오프라인,N,N,N,N,N,N
53337146,202302,F,40대,경기도,300이상500만원 미만,온라인,Y,N,N,N,N,Y
53337159,202302,M,60대 이상,경기도,300이상500만원 미만,오프라인,Y,N,N,N,N,N
53337234,202302,M,40대,세종특별자치시,500이상700만원 미만,오프라인,N,N,N,N,N,N
53337235,202302,M,50대,강원도,300이상500만원 미만,온라인,N,N,N,N,N,N
53337248,202302,M,60대 이상,세종특별자치시,500이상700만원 미만,온라인,N,N,N,N,N,N
53337331,202302,F,30대,광주광역시,300이상500만원 미만,온라인,N,N,N,N,N,N
53337340,202302,M,50대,인천광역시,700만원 이상,온라인,Y,N,N,N,N,N
53337359,202302,F,30대,대구광역시,무응답,온라인,N,N,N,N,Y,N
53337370,202302,M,30대,대전광역시,300만원 미만,오프라인,N,N,N,N,N,N
53337500,202302,F,30대,경기도,무응답,온라인,N,N,N,N,N,N
53337505,202302,M,50대,인천광역시,700만원 이상,온라인,N,N,Y,N,N,Y
53337528,202302,F,40대,강원도,500이상700만원 미만,온라인,Y,N,N,N,N,N
53337532,202302,M,40대,대전광역시,300만원 미만,오프라인,N,N,N,N,N,N
53337537,202302,F,50대,광주광역시,300만원 미만,온라인,Y,N,Y,N,N,N
53337538,202302,F,40대,충청남도,700만원 이상,온라인,Y,N,N,N,N,N
53337579,202302,M,40대,대구광역시,300만원 미만,오프라인,N,N,N,N,N,N
53337639,202302,F,40대,대구광역시,무응답,오프라인,N,N,N,N,N,N
53337649,202302,M,40대,부산광역시,300만원 미만,온라인,Y,N,N,Y,Y,N
53337762,202302,F,40대,부산광역시,500이상700만원 미만,온라인,N,N,N,N,N,N
53337943,202302,F,60대 이상,강원도,무응답,온라인,N,N,N,N,N,N
53337951,202302,F,60대 이상,충청남도,300이상500만원 미만,온라인,N,N,N,N,N,N
53337956,202302,M,50대,경상북도,700만원 이상,온라인,N,N,N,Y,N,N
53338008,202302,M,50대,경상남도,300만원 미만,온라인,N,N,N,N,N,N
53338135,202302,M,50대,강원도,500이상700만원 미만,온라인,N,N,N,N,N,N
53338232,202302,M,30대,광주광역시,300이상500만원 미만,오프라인,N,N,N,N,N,N
53338233,202302,M,40대,부산광역시,500이상700만원 미만,온라인,N,N,N,N,N,N
53338234,202302,M,30대,충청남도,300이상500만원 미만,오프라인,N,N,N,N,N,N
53338292,202302,M,20대,세종특별자치시,무응답,오프라인,N,N,N,N,N,N
53338411,202302,F,50대,부산광역시,500이상700만원 미만,온라인,N,N,N,N,N,N
53338489,202302,M,20대,울산광역시,무응답,오프라인,N,N,N,N,N,N
53338518,202302,M,50대,세종특별자치시,300만원 미만,온라인,Y,N,Y,N,Y,N
53338585,202302,F,40대,부산광역시,500이상700만원 미만,온라인,N,N,N,N,N,N
53338670,202302,M,40대,부산광역시,300만원 미만,온라인,N,N,N,N,N,N
53338770,202302,F,50대,강원도,500이상700만원 미만,온라인,N,N,N,N,N,N
53338861,202302,F,50대,강원도,500이상700만원 미만,오프라인,N,N,N,N,N,N
53338977,202302,M,20대,제주특별자치도,무응답,오프라인,N,N,N,N,N,N
53339004,202302,M,30대,경기도,300만원 미만,온라인,N,N,N,N,N,N
53339012,202302,M,30대,대전광역시,300이상500만원 미만,온라인,N,N,N,N,N,N
53339177,202302,M,50대,부산광역시,700만원 이상,온라인,N,N,N,N,N,N
53339221,202302,F,50대,부산광역시,300이상500만원 미만,온라인,N,N,N,N,N,N
53339258,202302,M,50대,대전광역시,500이상700만원 미만,오프라인,N,N,N,N,N,N
53339274,202302,F,30대,세종특별자치시,300만원 미만,온라인,N,N,N,N,N,N
53339277,202302,F,60대 이상,부산광역시,300이상500만원 미만,온라인,N,N,N,N,N,N
53339280,202302,F,60대 이상,대전광역시,300만원 미만,온라인,N,N,N,N,N,N
53339456,202302,F,50대,대구광역시,700만원 이상,오프라인,N,N,N,N,N,N
53339494,202302,M,30대,부산광역시,700만원 이상,오프라인,N,N,N,N,N,N
53339503,202302,F,50대,서울특별시,500이상700만원 미만,오프라인,N,N,N,N,N,N
53339513,202302,M,50대,강원도,700만원 이상,온라인,N,N,N,N,N,N
53339563,202302,F,60대 이상,강원도,300만원 미만,온라인,N,N,N,N,N,N
53339641,202302,M,50대,부산광역시,300이상500만원 미만,온라인,N,N,N,N,N,N
53339667,202302,F,40대,제주특별자치도,500이상700만원 미만,온라인,N,N,N,N,N,N
53339707,202302,M,40대,강원도,500이상700만원 미만,온라인,N,N,N,N,N,N
53339743,202302,F,50대,대구광역시,300만원 미만,온라인,N,N,N,N,N,N
53339765,202302,F,40대,부산광역시,300이상500만원 미만,오프라인,N,N,N,N,N,N
53339836,202302,F,40대,부산광역시,700만원 이상,온라인,N,N,N,N,N,N
53339839,202302,F,50대,강원도,300만원 미만,오프라인,N,N,N,N,N,N
53339868,202302,M,30대,부산광역시,300만원 미만,오프라인,Y,Y,N,N,N,N
53339896,202302,M,50대,부산광역시,300이상500만원 미만,온라인,Y,N,Y,Y,Y,N
53339923,202302,M,30대,부산광역시,700만원 이상,온라인,N,N,N,N,N,N
53339926,202302,M,60대 이상,강원도,300만원 미만,온라인,N,N,N,N,N,N
53339929,202302,F,30대,부산광역시,700만원 이상,온라인,N,N,N,N,N,N
53340012,202302,M,50대,전라남도,300이상500만원 미만,온라인,N,N,N,N,N,N
53340084,202302,F,40대,강원도,300만원 미만,온라인,N,N,N,N,N,N
53340156,202302,M,40대,전라북도,300이상500만원 미만,오프라인,N,N,N,N,N,N
53340239,202302,F,50대,전라북도,무응답,온라인,N,N,N,N,N,N
53340327,202302,M,20대,광주광역시,무응답,온라인,N,N,Y,N,Y,Y
53340359,202302,F,40대,대구광역시,500이상700만원 미만,온라인,Y,N,N,Y,N,N
53340440,202302,M,60대 이상,강원도,300만원 미만,온라인,N,N,N,N,N,N
53340530,202302,M,50대,강원도,700만원 이상,온라인,N,Y,Y,Y,N,N
53340593,202302,M,50대,부산광역시,300만원 미만,온라인,Y,N,N,N,N,N
53340600,202302,M,50대,제주특별자치도,300만원 미만,오프라인,N,N,N,N,N,N
53340601,202302,F,30대,강원도,300이상500만원 미만,온라인,N,N,N,N,N,N
53340642,202302,F,50대,부산광역시,500이상700만원 미만,온라인,N,N,N,N,N,N
53340786,202302,F,20대,대전광역시,700만원 이상,온라인,N,N,N,N,N,N
53340817,202302,F,60대 이상,서울특별시,300이상500만원 미만,오프라인,N,N,N,N,N,N
53340858,202302,F,40대,경상북도,700만원 이상,오프라인,N,N,N,N,N,N
53340888,202302,M,40대,부산광역시,500이상700만원 미만,오프라인,N,N,N,N,N,N
53340967,202302,M,30대,강원도,300만원 미만,온라인,N,N,N,N,N,N
53341050,202302,F,30대,경기도,무응답,오프라인,N,N,N,N,N,N
53341065,202302,M,40대,강원도,500이상700만원 미만,온라인,N,N,N,N,N,N
53341178,202302,M,40대,대전광역시,700만원 이상,온라인,N,N,N,N,N,N
53341222,202302,M,40대,강원도,300만원 미만,온라인,N,N,N,N,N,N
53341228,202302,M,30대,경상북도,300만원 미만,온라인,N,N,N,N,N,N
53341234,202302,F,50대,강원도,무응답,온라인,N,N,N,N,N,Y
53341294,202302,F,20대,대전광역시,300만원 미만,온라인,N,N,N,N,N,N
53341454,202302,F,30대,충청북도,300만원 미만,오프라인,N,N,N,N,N,N
53341504,202302,F,20대,경상남도,무응답,온라인,N,N,N,N,N,N
53341505,202302,F,50대,제주특별자치도,500이상700만원 미만,오프라인,N,N,N,N,N,N
53341559,202302,F,40대,충청남도,300이상500만원 미만,온라인,N,N,N,N,N,N
53341688,202302,F,30대,경기도,300만원 미만,온라인,Y,Y,N,N,N,Y
53341720,202302,F,30대,부산광역시,700만원 이상,오프라인,N,N,N,N,N,N
53341736,202302,M,30대,제주특별자치도,300이상500만원 미만,온라인,N,N,Y,Y,N,N
53341766,202302,M,50대,대구광역시,700만원 이상,오프라인,N,N,N,N,N,N
53341779,202302,F,40대,부산광역시,무응답,오프라인,N,N,N,N,N,N
53341783,202302,F,50대,제주특별자치도,300만원 미만,오프라인,N,N,N,N,N,N
53341828,202302,M,40대,경기도,500이상700만원 미만,오프라인,N,N,N,N,N,N
53341886,202302,M,50대,충청남도,무응답,온라인,N,N,N,N,N,N
53341966,202302,M,50대,경상남도,300만원 미만,온라인,N,N,N,N,N,N
53341993,202302,M,50대,충청남도,500이상700만원 미만,오프라인,N,N,N,N,N,N
53342006,202302,F,40대,대전광역시,300만원 미만,오프라인,N,N,N,N,N,N
53342118,202302,F,30대,부산광역시,무응답,오프라인,N,N,N,N,N,N
53342211,202302,M,40대,강원도,500이상700만원 미만,오프라인,N,N,N,N,N,N
53342279,202302,M,40대,경상북도,700만원 이상,온라인,Y,Y,N,N,N,N
53342350,202302,M,20대,경상남도,700만원 이상,온라인,N,N,N,N,N,N
53342420,202302,F,20대,부산광역시,무응답,오프라인,N,Y,N,N,N,Y
53342428,202302,M,40대,부산광역시,300이상500만원 미만,오프라인,N,N,N,N,N,N
53342511,202302,M,40대,강원도,700만원 이상,온라인,N,N,N,N,N,N
53342543,202302,F,20대,경기도,300만원 미만,오프라인,N,N,N,N,N,N
53342573,202302,M,30대,부산광역시,무응답,온라인,N,N,N,N,N,N
53342619,202302,F,20대,서울특별시,500이상700만원 미만,온라인,Y,N,Y,Y,N,Y
53342643,202302,F,30대,경상남도,300이상500만원 미만,온라인,N,N,N,N,N,N
53342683,202302,M,50대,울산광역시,무응답,오프라인,N,N,N,N,N,N
53342689,202302,M,30대,충청북도,500이상700만원 미만,오프라인,N,N,N,N,N,N
53342802,202302,M,60대 이상,제주특별자치도,300만원 미만,오프라인,N,N,N,N,N,N
53342907,202302,F,40대,경상남도,700만원 이상,온라인,N,N,N,N,N,N
53342913,202302,M,50대,강원도,700만원 이상,온라인,N,N,N,N,N,N
53343035,202302,F,20대,강원도,무응답,온라인,N,N,N,N,N,N
53343089,202302,M,50대,전라북도,500이상700만원 미만,오프라인,N,N,N,N,N,N
53343181,202302,M,60대 이상,광주광역시,무응답,오프라인,N,N,N,N,N,N
53343224,202302,M,30대,충청남도,300이상500만원 미만,온라인,Y,N,Y,Y,N,N
53343248,202302,F,30대,강원도,500이상700만원 미만,오프라인,N,N,N,N,N,N
53343268,202302,M,40대,강원도,500이상700만원 미만,오프라인,N,N,N,N,N,N
53343280,202302,F,50대,세종특별자치시,300이상500만원 미만,온라인,N,N,N,N,N,N
53343365,202302,M,50대,부산광역시,300이상500만원 미만,온라인,Y,N,Y,Y,N,N
53343368,202302,F,40대,제주특별자치도,무응답,오프라인,N,N,N,N,N,N
53343436,202302,F,40대,부산광역시,300이상500만원 미만,오프라인,N,N,N,N,N,N
53343454,202302,M,50대,경상북도,700만원 이상,오프라인,N,N,N,N,N,N
53343520,202302,F,20대,광주광역시,300만원 미만,온라인,N,N,N,N,N,N
53343570,202302,M,60대 이상,부산광역시,300만원 미만,온라인,N,N,N,N,N,N
53343629,202302,F,30대,부산광역시,300이상500만원 미만,오프라인,N,N,N,N,N,N
53343647,202302,F,50대,부산광역시,무응답,온라인,N,N,N,N,N,N
53343705,202302,F,30대,충청남도,500이상700만원 미만,온라인,N,N,N,N,N,N
53343733,202302,M,50대,부산광역시,300만원 미만,오프라인,N,N,N,N,N,N
53343750,202302,F,30대,부산광역시,300만원 미만,오프라인,N,N,N,N,N,N
53343835,202302,F,30대,부산광역시,무응답,온라인,N,N,N,N,N,N
53343850,202302,F,20대,충청북도,300이상500만원 미만,오프라인,N,N,N,N,N,N
53343864,202302,M,40대,세종특별자치시,300만원 미만,오프라인,N,N,N,N,N,N
53343907,202302,M,30대,대구광역시,500이상700만원 미만,오프라인,N,N,N,N,N,N
53343925,202302,M,30대,강원도,500이상700만원 미만,오프라인,Y,Y,N,N,N,N
53343958,202302,M,60대 이상,세종특별자치시,300이상500만원 미만,온라인,N,N,N,N,N,N
53344000,202302,F,40대,부산광역시,500이상700만원 미만,온라인,N,N,N,N,N,N
53344107,202302,M,20대,경기도,무응답,온라인,N,N,N,N,N,N
53344163,202302,M,50대,부산광역시,300만원 미만,오프라인,N,N,N,N,N,N
53344182,202302,F,40대,경상남도,700만원 이상,온라인,N,N,N,N,N,N
53344243,202302,F,50대,부산광역시,300이상500만원 미만,온라인,N,N,N,N,N,N
53344266,202302,F,40대,광주광역시,500이상700만원 미만,온라인,N,N,N,N,N,N
53344394,202302,F,60대 이상,제주특별자치도,300만원 미만,오프라인,N,N,N,N,N,N
53344520,202302,F,40대,충청남도,300이상500만원 미만,오프라인,N,N,N,N,N,N
53344571,202302,M,50대,경기도,500이상700만원 미만,온라인,N,N,N,N,N,N
53344657,202302,M,40대,울산광역시,700만원 이상,온라인,N,N,N,N,N,N
53344794,202302,F,40대,부산광역시,300이상500만원 미만,온라인,N,N,N,N,N,N
53344813,202302,F,50대,부산광역시,500이상700만원 미만,오프라인,N,N,N,N,N,N
53344864,202302,M,50대,울산광역시,700만원 이상,오프라인,N,N,N,N,N,N
53344901,202302,M,30대,경기도,300이상500만원 미만,온라인,N,N,N,N,N,N
53344920,202302,F,50대,대구광역시,700만원 이상,오프라인,N,N,N,N,N,N
53345023,202302,F,20대,부산광역시,300이상500만원 미만,오프라인,N,N,N,N,N,N
53345076,202302,M,50대,충청남도,300만원 미만,온라인,N,N,N,N,N,N
53345091,202302,F,50대,서울특별시,300이상500만원 미만,오프라인,N,N,N,N,N,N
53345378,202302,M,60대 이상,세종특별자치시,300만원 미만,온라인,N,N,N,N,N,N
53345405,202302,M,50대,경상북도,무응답,온라인,N,N,N,N,N,N
53345460,202302,F,50대,강원도,300이상500만원 미만,온라인,N,N,N,N,N,N
53345604,202302,M,20대,광주광역시,300만원 미만,오프라인,N,N,N,N,N,N
53345640,202302,F,50대,강원도,500이상700만원 미만,온라인,N,N,N,N,N,N
53345666,202302,F,30대,강원도,300이상500만원 미만,온라인,N,N,N,N,N,N
53345719,202302,M,30대,경기도,300만원 미만,온라인,N,N,N,N,N,N
53345758,202302,M,60대 이상,전라북도,700만원 이상,온라인,N,N,N,N,N,N
53345920,202302,M,30대,전라남도,500이상700만원 미만,오프라인,N,N,N,N,N,N
53346102,202302,F,50대,부산광역시,300만원 미만,오프라인,N,N,N,N,N,N
53346293,202302,F,20대,부산광역시,700만원 이상,오프라인,N,N,N,N,N,N
53346304,202302,F,50대,전라남도,500이상700만원 미만,오프라인,N,N,N,N,N,N
53346310,202302,M,40대,경상남도,300만원 미만,온라인,N,N,N,N,N,N
53346317,202302,M,50대,부산광역시,700만원 이상,온라인,N,N,N,N,N,N
53346413,202302,M,40대,부산광역시,300만원 미만,오프라인,N,N,N,N,N,N
53346428,202302,M,30대,경상북도,300만원 미만,온라인,N,N,N,N,N,N
53346446,202302,M,30대,부산광역시,무응답,온라인,N,N,N,N,N,N
53346473,202302,M,30대,대구광역시,300이상500만원 미만,온라인,N,Y,N,Y,N,N
53346697,202302,F,40대,서울특별시,300만원 미만,오프라인,N,N,N,N,N,N
53346713,202302,F,60대 이상,경상북도,300이상500만원 미만,오프라인,N,N,N,N,N,N
53346837,202302,F,30대,전라남도,300만원 미만,오프라인,N,N,N,N,N,N
53346923,202302,F,20대,부산광역시,300만원 미만,온라인,N,N,N,N,N,N
53346965,202302,F,60대 이상,강원도,500이상700만원 미만,온라인,N,N,N,N,N,N
53347067,202302,M,60대 이상,울산광역시,300만원 미만,오프라인,N,N,N,N,N,N
53347249,202302,M,50대,대구광역시,500이상700만원 미만,온라인,N,N,N,N,N,N
53347263,202302,M,60대 이상,전라남도,300만원 미만,오프라인,N,N,N,N,N,N
53347344,202302,F,20대,강원도,300만원 미만,온라인,N,N,N,N,N,N
53347430,202302,F,40대,부산광역시,500이상700만원 미만,오프라인,N,N,N,N,N,N
53347471,202302,F,40대,경상북도,300만원 미만,온라인,Y,N,N,N,N,N
53347484,202302,F,20대,충청남도,무응답,온라인,Y,N,N,N,N,N
53347489,202302,F,30대,부산광역시,700만원 이상,오프라인,N,N,N,N,N,N
53347518,202302,F,30대,경상북도,무응답,온라인,N,N,N,N,N,N
53347584,202302,M,30대,경상남도,700만원 이상,온라인,N,N,N,N,N,N
53347591,202302,M,30대,인천광역시,무응답,오프라인,N,N,N,N,N,N
53347635,202302,M,50대,강원도,무응답,오프라인,N,N,N,N,N,N
53347652,202302,F,30대,세종특별자치시,300만원 미만,오프라인,N,N,N,N,N,Y
53347654,202302,F,40대,경기도,300만원 미만,온라인,Y,N,N,Y,N,N
53347698,202302,F,20대,경상북도,무응답,온라인,Y,N,N,Y,N,N
53347726,202302,M,50대,인천광역시,700만원 이상,온라인,N,N,N,N,N,N
53347736,202302,M,40대,강원도,700만원 이상,오프라인,N,N,N,N,N,N
53347805,202302,M,20대,부산광역시,무응답,온라인,N,N,Y,N,N,N
53347856,202302,M,30대,부산광역시,무응답,오프라인,N,N,N,N,N,N
53347880,202302,M,50대,충청북도,300만원 미만,오프라인,N,N,N,N,N,N
53347881,202302,F,20대,대구광역시,300이상500만원 미만,온라인,N,N,N,N,N,N
53348077,202302,F,20대,부산광역시,300만원 미만,오프라인,N,N,N,N,N,N
53348101,202302,F,50대,강원도,300만원 미만,온라인,N,N,N,N,N,N
53348145,202302,F,30대,제주특별자치도,300이상500만원 미만,오프라인,N,N,N,N,N,N
53348224,202302,F,60대 이상,광주광역시,300이상500만원 미만,온라인,N,N,N,N,N,N
53348274,202302,F,40대,강원도,700만원 이상,오프라인,N,N,N,N,N,N
53348327,202302,M,30대,부산광역시,700만원 이상,오프라인,N,N,N,N,N,N
53348335,202302,F,20대,광주광역시,무응답,오프라인,N,N,N,N,N,N
53348402,202302,F,40대,충청남도,300이상500만원 미만,온라인,N,N,N,N,N,N
53348415,202302,F,30대,부산광역시,300만원 미만,오프라인,N,N,N,N,N,N
53348473,202302,F,30대,경기도,무응답,오프라인,N,N,N,N,N,N
53348502,202302,F,60대 이상,부산광역시,300만원 미만,오프라인,N,N,N,N,N,N
53348509,202302,F,30대,경기도,500이상700만원 미만,온라인,N,N,N,N,N,N
53348714,202302,F,30대,충청남도,500이상700만원 미만,온라인,N,N,N,N,N,N
53348828,202302,F,20대,울산광역시,300이상500만원 미만,온라인,N,N,N,N,N,N
53348870,202302,F,40대,경기도,700만원 이상,온라인,N,N,N,N,N,N
53348880,202302,F,30대,충청남도,무응답,오프라인,N,N,N,N,N,N
53348890,202302,F,20대,강원도,300이상500만원 미만,오프라인,N,N,N,N,N,N
53348981,202302,M,30대,부산광역시,무응답,오프라인,N,N,N,N,N,N
53349063,202302,M,30대,전라남도,300이상500만원 미만,오프라인,N,N,N,N,N,N
53349212,202302,M,20대,충청남도,무응답,온라인,N,Y,N,Y,N,N
53349215,202302,M,40대,부산광역시,300만원 미만,온라인,N,N,N,N,N,N
53349234,202302,M,40대,강원도,300만원 미만,온라인,N,N,N,N,N,N
53349347,202302,F,60대 이상,서울특별시,300만원 미만,온라인,N,N,N,N,N,N
53349350,202302,F,50대,경기도,300이상500만원 미만,온라인,N,N,N,N,N,N
53349395,202302,F,60대 이상,경기도,700만원 이상,오프라인,N,N,N,N,N,N
53349418,202302,F,40대,강원도,700만원 이상,온라인,N,N,N,N,N,N
53349533,202302,F,60대 이상,부산광역시,300이상500만원 미만,온라인,N,N,N,N,N,Y
53349618,202302,M,50대,경상남도,300이상500만원 미만,온라인,Y,N,N,N,N,N
53349653,202302,M,60대 이상,충청남도,300만원 미만,오프라인,N,N,N,N,N,N
53349656,202302,M,30대,부산광역시,500이상700만원 미만,온라인,N,N,N,N,N,N
53349728,202302,M,20대,강원도,무응답,오프라인,N,N,N,N,N,N
53349753,202302,M,30대,대구광역시,300만원 미만,오프라인,N,N,N,N,N,N
53349760,202302,M,40대,강원도,무응답,오프라인,Y,N,N,N,N,N
53349819,202302,F,60대 이상,부산광역시,300만원 미만,오프라인,N,N,N,N,N,N
53349831,202302,F,40대,부산광역시,500이상700만원 미만,오프라인,N,N,N,N,N,N
53349960,202302,F,50대,세종특별자치시,300이상500만원 미만,오프라인,N,N,N,N,N,N
53349991,202302,M,60대 이상,강원도,무응답,온라인,N,N,N,N,N,N
53350132,202302,F,60대 이상,경상북도,300만원 미만,오프라인,N,N,N,N,N,N
53350190,202302,M,60대 이상,부산광역시,300이상500만원 미만,오프라인,N,N,N,N,N,N
53350239,202302,F,40대,전라남도,300이상500만원 미만,온라인,Y,N,N,N,N,N
53350270,202302,F,60대 이상,부산광역시,700만원 이상,오프라인,N,N,N,N,N,N
53350310,202302,F,60대 이상,경상북도,500이상700만원 미만,오프라인,N,N,N,N,N,N
53350324,202302,F,50대,세종특별자치시,무응답,오프라인,N,N,N,N,N,N
53350533,202302,F,20대,울산광역시,300만원 미만,온라인,N,N,N,Y,Y,N
53350677,202302,M,50대,광주광역시,700만원 이상,오프라인,N,N,N,N,N,N
53350706,202302,F,60대 이상,강원도,700만원 이상,온라인,N,N,N,N,N,N
53350771,202302,F,30대,대구광역시,300이상500만원 미만,오프라인,N,N,N,N,N,N
53350809,202302,F,40대,강원도,무응답,온라인,N,N,N,N,N,N
53350814,202302,F,50대,세종특별자치시,300이상500만원 미만,오프라인,N,N,N,N,N,N
53350869,202302,F,50대,대전광역시,300이상500만원 미만,오프라인,N,N,N,N,N,N
53350940,202302,M,20대,부산광역시,무응답,오프라인,N,N,N,N,N,N
53350991,202302,M,60대 이상,부산광역시,500이상700만원 미만,온라인,N,N,N,N,N,N
53351005,202302,F,40대,제주특별자치도,무응답,오프라인,N,N,N,N,N,N
53351092,202302,M,60대 이상,충청남도,무응답,오프라인,N,N,N,N,N,N
53351107,202302,M,50대,경기도,700만원 이상,온라인,N,N,N,N,N,N
53351122,202302,M,40대,경기도,300만원 미만,온라인,N,N,N,N,N,N
53351131,202302,F,50대,경상북도,700만원 이상,온라인,N,N,N,N,N,N
53351165,202302,M,50대,전라북도,500이상700만원 미만,오프라인,N,N,N,N,N,N
53351322,202302,M,20대,부산광역시,무응답,오프라인,N,N,N,N,N,N
53351378,202302,F,30대,경상남도,500이상700만원 미만,온라인,N,N,N,N,N,N
53351409,202302,F,20대,부산광역시,무응답,온라인,N,Y,N,N,N,N
53351526,202302,M,40대,부산광역시,500이상700만원 미만,오프라인,N,N,N,N,N,N
53351537,202302,M,60대 이상,강원도,300만원 미만,온라인,N,N,N,N,N,N
53351680,202302,F,60대 이상,부산광역시,300이상500만원 미만,온라인,N,N,N,N,N,N
53351698,202302,M,50대,부산광역시,700만원 이상,온라인,N,N,N,N,N,N
53351701,202302,F,50대,강원도,700만원 이상,온라인,N,N,N,N,N,N
53351965,202302,M,40대,대전광역시,300만원 미만,온라인,Y,N,N,N,N,Y
53352009,202302,M,40대,부산광역시,300만원 미만,오프라인,N,N,N,N,N,N
53352053,202302,M,40대,경기도,300만원 미만,온라인,N,N,N,N,N,N
53352108,202302,M,50대,경기도,300만원 미만,온라인,N,N,N,N,N,N
53352140,202302,M,40대,전라남도,300만원 미만,오프라인,N,N,N,N,N,N
53352246,202302,F,50대,울산광역시,300이상500만원 미만,온라인,N,N,N,N,N,N
53352328,202302,M,30대,강원도,300이상500만원 미만,오프라인,N,N,N,N,N,N
53352505,202302,M,50대,강원도,700만원 이상,온라인,N,N,N,N,N,N
53352529,202302,F,40대,경기도,500이상700만원 미만,온라인,N,N,N,N,N,N
53352595,202302,F,40대,대전광역시,무응답,오프라인,N,N,N,N,N,N
53352634,202302,M,30대,충청남도,500이상700만원 미만,온라인,N,N,N,N,N,N
53352682,202302,F,50대,충청남도,300이상500만원 미만,오프라인,N,N,N,N,N,N
53352709,202302,F,50대,부산광역시,300이상500만원 미만,오프라인,N,N,N,N,N,N
53352724,202302,M,30대,제주특별자치도,무응답,온라인,N,N,N,N,N,N
53352880,202302,M,60대 이상,강원도,700만원 이상,오프라인,N,N,N,N,N,N
53352885,202302,F,50대,부산광역시,700만원 이상,온라인,N,N,N,N,N,N
53352899,202302,F,40대,강원도,300만원 미만,오프라인,Y,N,N,N,N,N
53352995,202302,M,40대,강원도,300만원 미만,오프라인,N,N,N,N,N,N
53353014,202302,F,40대,경기도,300이상500만원 미만,온라인,N,N,N,N,N,N
53353061,202302,M,50대,부산광역시,무응답,온라인,N,N,N,N,N,N
53353093,202302,M,30대,부산광역시,무응답,오프라인,N,N,N,N,N,N
53353249,202302,F,30대,충청남도,300이상500만원 미만,온라인,N,N,N,N,N,N
53353256,202302,M,40대,경상북도,700만원 이상,온라인,N,N,N,N,N,N
53353296,202302,F,30대,경상남도,300만원 미만,오프라인,N,N,N,N,N,N
53353316,202302,F,30대,경상남도,300이상500만원 미만,온라인,N,N,N,N,N,N
53353378,202302,F,30대,전라남도,500이상700만원 미만,온라인,N,N,N,N,N,N
53353502,202302,M,30대,부산광역시,500이상700만원 미만,온라인,N,N,N,N,N,N
53353518,202302,M,30대,제주특별자치도,300이상500만원 미만,오프라인,N,N,N,N,N,N
53353575,202302,F,60대 이상,부산광역시,무응답,온라인,N,N,N,N,N,N
53353588,202302,M,40대,부산광역시,300만원 미만,온라인,N,N,N,N,N,N
53353657,202302,F,20대,부산광역시,300만원 미만,오프라인,N,N,N,N,N,N
53353682,202302,M,40대,경상북도,500이상700만원 미만,오프라인,N,N,N,N,N,N
53353704,202302,F,50대,부산광역시,700만원 이상,온라인,N,N,N,N,N,N
53353720,202302,M,60대 이상,경기도,300이상500만원 미만,온라인,N,N,N,N,N,N
53353764,202302,M,50대,경기도,300만원 미만,오프라인,N,N,N,N,N,N
53353832,202302,M,30대,울산광역시,500이상700만원 미만,온라인,N,N,N,N,N,N
53353844,202302,F,60대 이상,제주특별자치도,300만원 미만,온라인,N,N,N,N,N,N
53354015,202302,F,30대,경상남도,500이상700만원 미만,오프라인,N,N,N,N,N,N
53354037,202302,M,60대 이상,경기도,300만원 미만,오프라인,N,N,N,N,N,N
53354072,202302,M,20대,경상북도,300이상500만원 미만,오프라인,N,N,N,N,N,N
53354258,202302,F,30대,경기도,700만원 이상,온라인,N,N,N,N,N,N
53354451,202302,M,40대,경상남도,300이상500만원 미만,온라인,N,N,N,N,N,N
53354519,202302,M,30대,제주특별자치도,700만원 이상,온라인,N,N,N,N,N,N
53354661,202302,M,40대,부산광역시,500이상700만원 미만,온라인,N,N,N,N,N,N
53354686,202302,M,30대,부산광역시,500이상700만원 미만,온라인,N,N,N,N,N,N
53354695,202302,F,20대,전라남도,무응답,온라인,N,N,N,N,N,N
53354717,202302,M,50대,서울특별시,500이상700만원 미만,오프라인,N,N,N,N,N,N
53354753,202302,M,40대,부산광역시,300만원 미만,온라인,N,N,N,N,N,N
53354828,202302,F,30대,강원도,700만원 이상,온라인,Y,Y,N,N,N,N
53355024,202302,F,20대,강원도,300만원 미만,오프라인,Y,N,N,N,N,N
53355036,202302,M,40대,강원도,500이상700만원 미만,오프라인,N,N,N,N,N,N
53355070,202302,F,40대,충청북도,500이상700만원 미만,온라인,N,N,N,N,N,N
53355101,202302,F,50대,광주광역시,500이상700만원 미만,온라인,N,N,N,N,N,N
53355112,202302,F,60대 이상,강원도,300이상500만원 미만,오프라인,N,N,N,N,N,N
53355121,202302,M,50대,대구광역시,700만원 이상,오프라인,N,N,N,N,N,N
53355129,202302,F,50대,부산광역시,500이상700만원 미만,오프라인,N,N,N,N,N,N
53355194,202302,F,30대,부산광역시,700만원 이상,오프라인,N,N,N,N,N,N
53355202,202302,F,50대,충청남도,700만원 이상,온라인,N,N,N,N,N,N
53355250,202302,M,30대,대전광역시,300이상500만원 미만,오프라인,N,N,N,N,N,N
53355521,202302,F,30대,부산광역시,300만원 미만,오프라인,N,N,N,N,N,N
53355545,202302,F,40대,부산광역시,500이상700만원 미만,오프라인,N,N,N,N,N,N
53355579,202302,F,20대,전라북도,무응답,온라인,Y,N,N,Y,N,N
53355610,202302,M,40대,경상남도,500이상700만원 미만,오프라인,N,N,N,N,N,Y
53355614,202302,F,40대,부산광역시,700만원 이상,온라인,N,N,N,N,N,N
53355630,202302,M,20대,부산광역시,300이상500만원 미만,온라인,Y,N,Y,N,N,N
53355681,202302,F,30대,강원도,500이상700만원 미만,오프라인,N,N,N,N,N,N
53355701,202302,M,50대,강원도,300만원 미만,오프라인,N,N,N,N,N,N
53355751,202302,M,30대,경기도,무응답,오프라인,N,N,N,N,N,N
53355787,202302,F,30대,세종특별자치시,300이상500만원 미만,온라인,N,N,N,N,N,N
53355821,202302,F,20대,강원도,무응답,오프라인,N,N,N,N,N,N
53355956,202302,M,60대 이상,강원도,300이상500만원 미만,오프라인,N,N,N,N,N,N
53356016,202302,M,30대,제주특별자치도,500이상700만원 미만,오프라인,N,N,N,N,N,N
53356057,202302,M,20대,전라북도,300만원 미만,오프라인,N,Y,N,N,N,N
53356164,202302,F,60대 이상,경상북도,300만원 미만,오프라인,N,N,N,N,N,N
53356213,202302,F,30대,전라북도,700만원 이상,온라인,N,N,N,Y,Y,N
53356364,202302,F,20대,충청남도,무응답,온라인,N,N,Y,N,Y,N
53356418,202302,M,20대,강원도,700만원 이상,오프라인,N,N,N,N,N,N
53356449,202302,F,60대 이상,세종특별자치시,무응답,온라인,N,N,N,Y,N,N
53356532,202302,F,20대,부산광역시,300이상500만원 미만,온라인,N,N,N,N,N,N
53356534,202302,M,30대,부산광역시,500이상700만원 미만,온라인,N,N,N,N,N,N
53356566,202302,M,30대,부산광역시,300만원 미만,오프라인,N,N,N,N,N,N
53356573,202302,M,40대,강원도,300만원 미만,오프라인,N,N,N,N,N,N
53356599,202302,F,40대,강원도,700만원 이상,오프라인,N,N,N,N,N,N
53356648,202302,M,40대,부산광역시,700만원 이상,오프라인,N,N,N,N,N,N
53356783,202302,F,40대,경기도,300이상500만원 미만,오프라인,N,N,N,N,N,N
53356804,202302,F,30대,대구광역시,무응답,온라인,N,N,N,N,N,N
53356914,202302,F,20대,강원도,무응답,오프라인,N,N,N,N,N,N
53357029,202302,M,40대,부산광역시,300이상500만원 미만,오프라인,N,N,N,N,N,N
53357031,202302,F,40대,경상북도,무응답,온라인,N,N,N,N,N,N
53357049,202302,M,30대,세종특별자치시,500이상700만원 미만,오프라인,N,N,N,N,N,N
53357071,202302,M,50대,대전광역시,700만원 이상,오프라인,N,N,N,N,N,N
53357072,202302,F,20대,울산광역시,무응답,오프라인,N,N,N,N,N,N
53357075,202302,F,40대,제주특별자치도,500이상700만원 미만,오프라인,N,N,N,N,N,N
53357087,202302,F,30대,부산광역시,무응답,온라인,N,N,N,N,N,N
53357133,202302,F,40대,부산광역시,무응답,온라인,N,N,N,N,N,N
53357174,202302,M,40대,부산광역시,300만원 미만,온라인,Y,N,N,N,N,N
53357215,202302,F,20대,대구광역시,500이상700만원 미만,온라인,Y,N,N,N,N,N
53357221,202302,M,20대,경상북도,700만원 이상,오프라인,N,N,N,N,N,N
53357268,202302,M,30대,경상북도,300만원 미만,오프라인,N,N,N,N,N,N
53357273,202302,M,40대,부산광역시,300만원 미만,오프라인,Y,N,N,N,N,N
53357310,202302,M,20대,전라남도,무응답,온라인,N,N,Y,N,Y,Y
53357334,202302,M,30대,충청남도,500이상700만원 미만,온라인,N,N,N,N,N,N
53357377,202302,M,40대,경상남도,300만원 미만,오프라인,N,N,N,N,N,N
53357420,202302,M,20대,제주특별자치도,무응답,오프라인,N,N,N,N,N,N
53357479,202302,F,60대 이상,울산광역시,700만원 이상,오프라인,N,N,N,N,N,N
53357511,202302,F,60대 이상,강원도,무응답,오프라인,N,N,N,N,N,N
53357553,202302,M,60대 이상,부산광역시,무응답,온라인,N,N,N,N,N,N
53357595,202302,F,60대 이상,강원도,300만원 미만,오프라인,N,N,N,N,N,N
53357746,202302,M,40대,서울특별시,무응답,온라인,N,N,N,N,N,N
53357829,202302,M,30대,대전광역시,500이상700만원 미만,오프라인,N,N,N,N,N,N
53357956,202302,F,50대,경기도,500이상700만원 미만,오프라인,N,N,N,N,N,N
53357986,202302,F,50대,경상북도,700만원 이상,오프라인,N,N,N,N,N,N
53358005,202302,F,60대 이상,부산광역시,무응답,온라인,N,N,N,N,N,N
53358034,202302,F,30대,경기도,무응답,오프라인,N,N,N,N,N,N
53358114,202302,F,50대,충청남도,300만원 미만,오프라인,N,N,N,N,N,N
53358147,202302,F,40대,전라남도,700만원 이상,오프라인,N,N,N,N,N,N
53358239,202302,M,50대,강원도,무응답,온라인,N,N,N,N,N,N
53358242,202302,M,40대,경상남도,700만원 이상,오프라인,N,N,N,N,N,N
53358275,202302,M,40대,강원도,700만원 이상,온라인,N,N,N,N,N,N
53358364,202302,M,30대,전라북도,무응답,온라인,N,N,N,N,N,N
53358381,202302,F,20대,부산광역시,500이상700만원 미만,온라인,N,Y,N,N,N,N
53358410,202302,F,50대,부산광역시,700만원 이상,오프라인,N,N,N,N,N,N
53358438,202302,F,50대,부산광역시,무응답,온라인,N,N,N,N,N,N
53358521,202302,F,20대,전라남도,500이상700만원 미만,온라인,N,N,N,N,N,N
53358578,202302,M,60대 이상,경상남도,500이상700만원 미만,오프라인,N,N,N,N,N,N
53358609,202302,F,30대,부산광역시,300이상500만원 미만,오프라인,N,N,N,N,N,N
53358630,202302,F,40대,부산광역시,300만원 미만,오프라인,N,N,N,N,N,N
53358764,202302,M,30대,세종특별자치시,300만원 미만,오프라인,N,N,N,N,N,N
53358794,202302,M,30대,부산광역시,700만원 이상,온라인,Y,N,N,N,Y,N
53358798,202302,F,40대,부산광역시,500이상700만원 미만,오프라인,Y,N,N,N,N,N
53358802,202302,M,60대 이상,대구광역시,700만원 이상,오프라인,N,N,N,N,N,N
53358814,202302,F,50대,강원도,700만원 이상,온라인,N,N,N,N,N,N
53359014,202302,F,40대,전라남도,무응답,오프라인,N,N,N,N,N,N
53359026,202302,F,30대,전라남도,300만원 미만,오프라인,N,N,N,N,N,N
53359040,202302,F,60대 이상,대전광역시,700만원 이상,오프라인,N,N,N,N,N,N
53359102,202302,F,50대,충청남도,무응답,온라인,N,N,N,N,N,N
53359253,202302,M,30대,세종특별자치시,300만원 미만,온라인,N,N,N,N,N,N
53359314,202302,M,60대 이상,대구광역시,300이상500만원 미만,오프라인,N,N,N,N,N,N
53359418,202302,F,30대,경기도,무응답,오프라인,N,N,N,N,N,N
53359451,202302,M,60대 이상,대구광역시,700만원 이상,온라인,N,N,N,N,N,N
53359455,202302,F,40대,부산광역시,300이상500만원 미만,온라인,N,N,N,N,N,N
53359558,202302,M,30대,경상북도,무응답,온라인,N,N,N,N,N,N
53359560,202302,M,30대,서울특별시,700만원 이상,오프라인,N,N,N,N,N,N
53359588,202302,M,60대 이상,충청남도,300만원 미만,오프라인,N,N,N,N,N,N
53359689,202302,M,40대,경상남도,300이상500만원 미만,온라인,N,N,Y,N,N,N
53359783,202302,M,30대,세종특별자치시,300이상500만원 미만,오프라인,N,N,N,N,N,N
53359879,202302,F,40대,울산광역시,500이상700만원 미만,온라인,N,N,N,N,N,N
53359957,202302,F,60대 이상,울산광역시,700만원 이상,온라인,N,N,N,N,N,N
53360009,202302,M,30대,경상남도,300만원 미만,오프라인,N,N,N,N,N,N
53360094,202302,F,30대,충청남도,300이상500만원 미만,온라인,N,N,N,N,N,N
53360144,202302,M,30대,경상남도,무응답,오프라인,N,N,N,N,N,N
53360147,202302,M,60대 이상,경상남도,300만원 미만,오프라인,N,N,N,N,N,N
53360214,202302,M,40대,전라남도,500이상700만원 미만,온라인,N,N,N,N,N,N
53360502,202302,M,30대,충청남도,무응답,온라인,N,Y,N,Y,N,N
53360506,202302,F,50대,광주광역시,500이상700만원 미만,오프라인,N,N,N,N,N,N
53360541,202302,F,40대,부산광역시,700만원 이상,오프라인,Y,N,N,N,N,N
53360566,202302,F,40대,대전광역시,무응답,온라인,N,N,N,N,N,N
53360652,202302,M,50대,충청남도,500이상700만원 미만,오프라인,N,N,N,N,N,N
53360669,202302,M,30대,세종특별자치시,무응답,오프라인,N,N,N,N,N,N
53360677,202302,F,30대,제주특별자치도,700만원 이상,오프라인,N,N,N,N,N,N
53360738,202302,F,20대,부산광역시,무응답,온라인,N,N,N,N,N,N
53360739,202302,F,60대 이상,제주특별자치도,300이상500만원 미만,오프라인,N,N,N,N,N,N
53360787,202302,M,30대,부산광역시,무응답,온라인,N,N,N,N,N,N
53360824,202302,F,20대,경상북도,무응답,온라인,N,N,N,N,N,N
53360827,202302,M,40대,대전광역시,무응답,오프라인,N,N,N,N,N,N
53360872,202302,F,30대,경상북도,700만원 이상,온라인,N,N,N,N,N,N
53361066,202302,M,30대,경상남도,무응답,온라인,N,N,N,N,N,N
53361073,202302,F,20대,부산광역시,무응답,온라인,N,N,N,N,N,N
53361110,202302,F,40대,강원도,300만원 미만,온라인,N,N,N,N,N,N
53361172,202302,M,30대,충청남도,300만원 미만,온라인,N,N,N,N,N,N
53361182,202302,F,60대 이상,세종특별자치시,500이상700만원 미만,오프라인,N,N,N,N,N,N
53361196,202302,F,60대 이상,부산광역시,700만원 이상,오프라인,N,N,N,N,N,N
53361264,202302,F,40대,충청남도,300이상500만원 미만,오프라인,N,N,N,N,N,N
53361276,202302,M,60대 이상,부산광역시,700만원 이상,오프라인,N,N,N,N,N,N
53361308,202302,M,40대,부산광역시,무응답,온라인,N,N,N,N,N,N
53361327,202302,M,60대 이상,대구광역시,300이상500만원 미만,오프라인,N,N,N,N,N,N
53361398,202302,M,40대,강원도,300이상500만원 미만,온라인,N,N,N,N,N,N
53361412,202302,F,40대,부산광역시,700만원 이상,온라인,N,N,N,N,N,N
53361496,202302,M,40대,경기도,300이상500만원 미만,온라인,N,N,N,N,N,N
53361596,202302,F,60대 이상,경상북도,700만원 이상,온라인,N,N,N,N,N,N
53361649,202302,F,30대,광주광역시,300만원 미만,온라인,N,Y,Y,N,N,N
53361721,202302,F,50대,세종특별자치시,700만원 이상,오프라인,N,Y,N,N,N,N
53361812,202302,F,40대,강원도,700만원 이상,오프라인,N,N,N,N,N,N
53361827,202302,M,60대 이상,강원도,300이상500만원 미만,오프라인,N,N,N,N,N,N
53361859,202302,F,20대,경상남도,700만원 이상,오프라인,N,N,N,N,N,N
53361902,202302,F,50대,부산광역시,300이상500만원 미만,오프라인,N,N,N,N,N,N
53361981,202302,F,30대,울산광역시,무응답,온라인,N,N,N,N,N,N
53362013,202302,F,20대,대전광역시,무응답,온라인,N,Y,N,N,N,N
53362236,202302,M,40대,제주특별자치도,무응답,온라인,N,N,Y,N,N,N
53362285,202302,F,30대,강원도,700만원 이상,온라인,Y,N,N,N,N,N
53362327,202302,F,20대,대구광역시,300만원 미만,오프라인,N,N,N,N,N,N
53362337,202302,F,20대,부산광역시,무응답,온라인,N,N,N,N,N,N
53362355,202302,F,50대,강원도,700만원 이상,오프라인,N,N,N,N,N,N
53362360,202302,F,20대,부산광역시,700만원 이상,온라인,N,Y,N,N,N,N
53362365,202302,M,40대,부산광역시,300만원 미만,오프라인,N,N,N,N,N,N
53362397,202302,M,20대,경기도,300만원 미만,오프라인,N,N,N,N,N,N
53362418,202302,F,60대 이상,경기도,무응답,오프라인,N,N,N,N,N,N
53362518,202302,F,50대,경상남도,300만원 미만,오프라인,N,N,N,N,N,N
53362564,202302,M,30대,경기도,300만원 미만,오프라인,N,N,N,N,N,N
53362594,202302,F,40대,울산광역시,500이상700만원 미만,온라인,N,N,N,N,N,N
53362688,202302,M,40대,경상북도,무응답,온라인,N,N,N,N,N,N
53362708,202302,M,50대,강원도,300이상500만원 미만,온라인,N,N,N,N,N,N
53362739,202302,M,20대,울산광역시,300이상500만원 미만,온라인,N,N,Y,N,N,N
53362835,202302,M,40대,경상남도,700만원 이상,오프라인,N,N,N,N,N,N
53362854,202302,F,50대,부산광역시,700만원 이상,오프라인,N,N,N,N,N,N
53362930,202302,F,30대,경기도,300이상500만원 미만,오프라인,N,N,N,N,N,N
53363091,202302,F,30대,강원도,무응답,오프라인,N,N,N,N,N,N
53363166,202302,M,60대 이상,강원도,500이상700만원 미만,온라인,N,N,N,N,N,N
53363171,202302,M,40대,강원도,300만원 미만,오프라인,N,N,Y,N,N,N
53363265,202302,M,30대,충청남도,300만원 미만,오프라인,N,N,N,N,N,N
53363266,202302,M,60대 이상,부산광역시,700만원 이상,온라인,N,N,N,N,N,N
53363274,202302,F,50대,대구광역시,300만원 미만,오프라인,N,N,N,N,N,N
53363328,202302,M,50대,대구광역시,700만원 이상,온라인,N,N,N,N,N,N
53363373,202302,F,40대,대구광역시,300만원 미만,온라인,N,N,N,N,N,Y
53363398,202302,M,40대,강원도,700만원 이상,온라인,Y,N,N,Y,N,N
53363428,202302,M,20대,경상북도,무응답,오프라인,N,N,N,N,N,N
53363431,202302,M,50대,경기도,700만원 이상,오프라인,N,N,N,N,N,N
53363481,202302,F,50대,서울특별시,300만원 미만,오프라인,N,N,N,N,N,N
53363485,202302,M,50대,광주광역시,700만원 이상,오프라인,N,N,N,N,N,N
53363503,202302,M,30대,대전광역시,300이상500만원 미만,온라인,N,N,N,N,N,N
53363665,202302,F,50대,강원도,무응답,온라인,N,N,N,N,N,N
53363707,202302,F,30대,부산광역시,무응답,오프라인,N,N,N,N,N,N
53363793,202302,M,50대,대전광역시,700만원 이상,온라인,N,N,N,N,N,N
53363884,202302,F,20대,서울특별시,300만원 미만,오프라인,N,N,N,N,N,N
53363921,202302,M,60대 이상,강원도,300만원 미만,오프라인,Y,N,N,N,N,N
53363931,202302,M,40대,경상북도,300이상500만원 미만,온라인,N,N,N,N,N,N
53363958,202302,F,20대,부산광역시,700만원 이상,오프라인,N,N,N,N,N,N
53364123,202302,F,20대,부산광역시,700만원 이상,온라인,N,N,N,N,N,N
53364144,202302,F,40대,부산광역시,300이상500만원 미만,온라인,N,N,N,N,N,N
53364176,202302,F,40대,세종특별자치시,700만원 이상,온라인,Y,Y,Y,N,N,N
53364238,202302,F,60대 이상,전라북도,500이상700만원 미만,오프라인,N,N,N,N,N,N
53364310,202302,F,60대 이상,부산광역시,700만원 이상,오프라인,N,N,N,N,N,N
53364422,202302,M,40대,경상북도,300만원 미만,오프라인,N,N,N,N,N,N
53364534,202302,F,60대 이상,부산광역시,무응답,오프라인,N,N,N,N,N,N
53364630,202302,M,60대 이상,강원도,300만원 미만,오프라인,N,N,N,N,N,N
53364846,202302,M,30대,경상북도,무응답,온라인,N,N,N,N,N,N
53364909,202302,F,60대 이상,강원도,500이상700만원 미만,오프라인,N,N,N,N,N,N
53364941,202302,F,50대,강원도,무응답,오프라인,N,N,N,N,N,N
53364942,202302,F,30대,전라남도,500이상700만원 미만,온라인,N,N,N,N,N,N
53364957,202302,F,50대,부산광역시,무응답,온라인,N,N,N,N,N,N
53365001,202302,M,50대,충청남도,500이상700만원 미만,오프라인,N,N,N,N,N,N
53365088,202302,F,40대,부산광역시,무응답,오프라인,N,N,N,N,N,N
53365142,202302,M,40대,부산광역시,300만원 미만,온라인,N,N,N,N,N,N
53365181,202302,F,50대,대전광역시,300이상500만원 미만,온라인,N,N,N,N,N,N
53365208,202302,F,20대,충청남도,700만원 이상,오프라인,N,N,N,N,N,N
53365318,202302,M,50대,경기도,700만원 이상,온라인,N,N,N,N,N,N
53365331,202302,M,20대,경상북도,300만원 미만,오프라인,Y,N,N,N,N,N
53365462,202302,F,30대,대구광역시,300만원 미만,온라인,N,N,N,N,N,N
53365608,202302,F,60대 이상,광주광역시,500이상700만원 미만,온라인,N,N,N,N,N,N
53365820,202302,F,50대,전라북도,300이상500만원 미만,온라인,N,N,N,N,N,N
53365833,202302,M,40대,강원도,700만원 이상,오프라인,N,N,N,N,N,N
53365872,202302,M,50대,경기도,700만원 이상,온라인,N,N,N,N,N,N
53365899,202302,M,30대,부산광역시,300이상500만원 미만,온라인,Y,N,Y,N,N,N
53366002,202302,M,40대,대구광역시,700만원 이상,오프라인,N,N,N,N,N,N
53366008,202302,F,60대 이상,강원도,300이상500만원 미만,오프라인,N,N,N,N,N,N
53366027,202302,F,40대,제주특별자치도,500이상700만원 미만,온라인,N,N,N,N,N,N
53366095,202302,M,30대,경기도,500이상700만원 미만,오프라인,N,N,N,N,N,N
53366182,202302,F,50대,제주특별자치도,500이상700만원 미만,오프라인,N,N,N,N,N,N
53366184,202302,F,20대,강원도,700만원 이상,오프라인,N,N,N,N,N,N
53366242,202302,F,50대,강원도,700만원 이상,온라인,Y,Y,N,N,N,N
53366282,202302,F,60대 이상,서울특별시,무응답,온라인,N,N,N,N,N,N
53366337,202302,M,40대,경상남도,300만원 미만,오프라인,N,N,N,N,N,N
53366358,202302,F,40대,충청남도,300이상500만원 미만,오프라인,N,N,N,N,N,N
53366406,202302,F,50대,제주특별자치도,300이상500만원 미만,오프라인,N,N,N,N,N,N
53366466,202302,F,40대,울산광역시,300만원 미만,온라인,N,N,N,N,N,N
53366491,202302,F,50대,울산광역시,300만원 미만,온라인,N,N,N,N,N,N
53366517,202302,F,20대,부산광역시,700만원 이상,오프라인,N,N,N,N,N,N
53366612,202302,F,40대,제주특별자치도,무응답,오프라인,N,N,N,N,N,N
53366616,202302,F,20대,강원도,무응답,오프라인,N,N,N,N,N,N
53366620,202302,F,40대,강원도,500이상700만원 미만,오프라인,N,N,N,N,N,N
53366629,202302,M,40대,부산광역시,무응답,오프라인,N,N,N,N,N,N
53366646,202302,F,40대,강원도,300이상500만원 미만,온라인,N,N,N,N,N,N
53366666,202302,M,40대,부산광역시,무응답,온라인,N,N,N,N,N,N
53366737,202302,M,50대,충청남도,300만원 미만,오프라인,N,N,N,N,N,N
53366749,202302,F,60대 이상,강원도,300이상500만원 미만,온라인,N,N,N,N,N,N
53366783,202302,F,20대,전라북도,무응답,오프라인,N,N,N,N,N,N
53366799,202302,F,60대 이상,대구광역시,무응답,오프라인,N,N,N,N,N,N
53366876,202302,F,50대,울산광역시,700만원 이상,오프라인,N,N,N,N,N,N
53366911,202302,M,50대,강원도,300만원 미만,온라인,N,N,N,N,N,N
53366977,202302,F,50대,강원도,500이상700만원 미만,온라인,N,Y,N,N,N,Y
53367171,202302,F,40대,부산광역시,500이상700만원 미만,온라인,N,N,N,N,N,N
53367202,202302,M,50대,강원도,500이상700만원 미만,오프라인,N,N,N,N,N,N
53367260,202302,F,30대,강원도,300만원 미만,오프라인,N,Y,N,N,N,N
53367310,202302,M,50대,부산광역시,700만원 이상,오프라인,N,N,N,N,N,N
53367311,202302,F,30대,부산광역시,700만원 이상,온라인,N,N,N,N,N,N
53367392,202302,M,40대,충청남도,무응답,온라인,N,N,N,N,N,N
53367502,202302,F,50대,대구광역시,700만원 이상,온라인,N,N,N,N,N,N
53367664,202302,F,40대,광주광역시,700만원 이상,오프라인,N,N,N,N,N,N
53367760,202302,F,60대 이상,부산광역시,500이상700만원 미만,온라인,Y,N,N,N,N,N
53367780,202302,M,40대,전라북도,500이상700만원 미만,오프라인,N,N,N,N,N,N
53367798,202302,F,50대,부산광역시,700만원 이상,온라인,N,N,N,N,N,N
53367940,202302,M,40대,강원도,300이상500만원 미만,온라인,N,N,N,N,N,N
53367994,202302,M,30대,대전광역시,300만원 미만,오프라인,N,N,N,N,N,N
53368052,202302,F,60대 이상,부산광역시,500이상700만원 미만,오프라인,N,Y,N,N,N,N
53368067,202302,M,50대,강원도,700만원 이상,오프라인,N,N,N,N,N,N
53368129,202302,F,50대,강원도,700만원 이상,오프라인,N,N,N,N,N,N
53368231,202302,F,60대 이상,경기도,300만원 미만,온라인,N,N,N,N,N,N
53368286,202302,M,40대,경기도,무응답,온라인,N,N,N,N,N,N
53368300,202302,F,50대,경상북도,무응답,오프라인,N,N,N,N,N,N
53368340,202302,F,50대,경기도,700만원 이상,온라인,N,N,N,N,N,N
53368362,202302,M,50대,전라남도,300이상500만원 미만,오프라인,N,N,N,N,N,N
53368402,202302,M,30대,세종특별자치시,300만원 미만,오프라인,N,N,N,N,N,N
53368441,202302,F,50대,강원도,무응답,오프라인,N,N,N,N,N,N
53368466,202302,M,30대,강원도,300만원 미만,온라인,N,N,N,N,N,N
53368558,202302,M,30대,부산광역시,700만원 이상,온라인,N,N,N,N,N,N
53368611,202302,F,30대,경상북도,300만원 미만,온라인,N,N,N,N,N,N
53368774,202302,M,30대,강원도,300이상500만원 미만,온라인,N,N,N,N,N,N
53368792,202302,M,40대,부산광역시,700만원 이상,온라인,N,Y,N,Y,N,N
53368882,202302,F,50대,광주광역시,무응답,온라인,N,N,N,N,N,N
53368886,202302,F,50대,강원도,700만원 이상,오프라인,N,N,N,N,N,N
53368893,202302,M,30대,부산광역시,500이상700만원 미만,오프라인,N,N,N,N,N,N
53368966,202302,F,50대,부산광역시,700만원 이상,오프라인,N,N,N,N,N,N
53369010,202302,M,50대,강원도,500이상700만원 미만,오프라인,N,N,N,N,N,N
53369211,202302,M,50대,울산광역시,무응답,온라인,N,N,N,N,N,N
53369218,202302,M,60대 이상,강원도,300만원 미만,오프라인,N,N,N,N,N,N
53369344,202302,M,40대,강원도,300이상500만원 미만,오프라인,N,N,N,N,N,N
53369410,202302,F,50대,강원도,700만원 이상,오프라인,N,N,N,N,N,N
53369444,202302,M,40대,경기도,500이상700만원 미만,오프라인,N,N,N,N,N,N
53369464,202302,M,40대,강원도,700만원 이상,온라인,N,N,N,N,N,N
53369594,202302,F,60대 이상,강원도,700만원 이상,오프라인,N,N,N,N,N,N
53369603,202302,F,50대,강원도,500이상700만원 미만,오프라인,N,N,N,N,N,N
53369762,202302,F,20대,강원도,300만원 미만,오프라인,N,N,N,N,N,N
53369855,202302,M,30대,부산광역시,500이상700만원 미만,오프라인,N,N,N,N,N,N
53369892,202302,M,30대,부산광역시,700만원 이상,온라인,N,N,N,N,N,N
53370025,202302,F,60대 이상,경기도,700만원 이상,오프라인,N,N,N,N,N,N
53370170,202302,M,40대,부산광역시,500이상700만원 미만,온라인,N,N,Y,N,Y,N
53370284,202302,M,60대 이상,광주광역시,무응답,온라인,Y,N,N,N,N,N
53370292,202302,M,30대,부산광역시,700만원 이상,온라인,N,N,N,N,N,N
53370331,202302,F,30대,울산광역시,700만원 이상,오프라인,Y,N,N,N,N,N
53370380,202302,M,60대 이상,대구광역시,300만원 미만,오프라인,N,N,N,N,N,N
53370451,202302,F,50대,부산광역시,300이상500만원 미만,오프라인,N,N,N,N,N,N
53370561,202302,F,20대,부산광역시,무응답,오프라인,N,N,N,N,N,N
53370579,202302,F,40대,전라북도,700만원 이상,오프라인,N,N,N,N,N,N
53370756,202302,F,60대 이상,경상북도,무응답,오프라인,N,N,N,N,N,N
53370874,202302,F,40대,강원도,700만원 이상,온라인,N,N,N,N,N,N
53371112,202302,M,50대,제주특별자치도,300만원 미만,온라인,N,N,N,N,N,N
53371137,202302,M,50대,부산광역시,700만원 이상,오프라인,N,N,N,N,N,N
53371177,202302,M,40대,부산광역시,500이상700만원 미만,온라인,N,N,N,N,N,N
53371186,202302,F,30대,부산광역시,300이상500만원 미만,오프라인,N,N,N,N,N,N
53371255,202302,M,40대,경상북도,500이상700만원 미만,오프라인,N,N,N,N,N,N
53371283,202302,M,50대,충청남도,500이상700만원 미만,오프라인,N,N,N,N,N,N
53371305,202302,M,40대,광주광역시,300만원 미만,오프라인,N,N,N,N,N,N
53371340,202302,F,40대,경기도,300만원 미만,오프라인,N,N,N,N,N,N
53371509,202302,M,30대,강원도,무응답,오프라인,N,N,N,N,N,N
53371514,202302,F,30대,경상북도,300만원 미만,오프라인,N,N,N,N,N,N
53371600,202302,F,50대,강원도,700만원 이상,오프라인,N,N,N,N,N,N
53371630,202302,M,40대,부산광역시,500이상700만원 미만,온라인,N,N,N,N,N,N
53371632,202302,M,50대,대구광역시,무응답,온라인,N,N,N,N,N,N
53371634,202302,F,50대,전라북도,300이상500만원 미만,온라인,N,N,N,N,N,N
53371637,202302,M,50대,대전광역시,300만원 미만,온라인,N,N,N,N,N,N
53371652,202302,F,40대,강원도,무응답,오프라인,N,N,N,N,N,N
53371782,202302,M,40대,부산광역시,300만원 미만,오프라인,N,N,N,N,N,N
53371834,202302,F,50대,경상남도,무응답,오프라인,N,Y,N,N,N,N
53371893,202302,M,60대 이상,부산광역시,700만원 이상,오프라인,N,N,N,N,N,N
53371899,202302,F,50대,부산광역시,700만원 이상,온라인,N,N,N,N,N,N
53372049,202302,F,20대,경기도,300이상500만원 미만,온라인,N,N,N,N,N,N
53372052,202302,M,60대 이상,경기도,300이상500만원 미만,온라인,N,N,N,N,N,N
53372070,202302,M,30대,세종특별자치시,500이상700만원 미만,오프라인,N,N,N,N,N,N
53372098,202302,M,30대,서울특별시,무응답,온라인,N,N,N,N,N,N
53372213,202302,M,20대,강원도,700만원 이상,온라인,N,N,N,N,N,N
53372298,202302,F,40대,부산광역시,700만원 이상,오프라인,N,N,N,N,N,N
53372400,202302,M,40대,경상남도,300이상500만원 미만,온라인,N,N,N,N,N,N
53372411,202302,M,50대,경상남도,300이상500만원 미만,오프라인,N,N,N,N,N,N
53372484,202302,F,40대,부산광역시,300이상500만원 미만,온라인,N,N,N,N,N,N
53372521,202302,M,50대,부산광역시,500이상700만원 미만,온라인,N,N,N,N,N,N
53372577,202302,M,60대 이상,강원도,500이상700만원 미만,온라인,N,N,N,N,N,N
53372687,202302,F,40대,강원도,700만원 이상,온라인,N,N,N,N,N,N
53372715,202302,M,40대,강원도,700만원 이상,오프라인,Y,N,N,N,N,N
53372838,202302,F,30대,울산광역시,300이상500만원 미만,오프라인,N,N,N,N,N,N
53373259,202302,M,60대 이상,부산광역시,300만원 미만,온라인,N,N,N,N,N,N
53373305,202302,F,30대,충청남도,300만원 미만,온라인,N,N,N,N,N,N
53373663,202302,M,50대,부산광역시,500이상700만원 미만,오프라인,N,N,N,N,N,N
53373672,202302,F,40대,세종특별자치시,700만원 이상,오프라인,N,N,N,N,N,N
53373746,202302,M,40대,대구광역시,300만원 미만,오프라인,N,N,N,N,N,N
53373997,202302,M,40대,경상북도,무응답,오프라인,N,N,N,N,N,N
53374368,202302,F,40대,부산광역시,500이상700만원 미만,온라인,Y,N,N,N,N,N
53374390,202302,M,40대,강원도,500이상700만원 미만,오프라인,N,N,N,N,N,N
53374407,202302,F,30대,세종특별자치시,300이상500만원 미만,온라인,N,N,N,N,N,N
53374411,202302,M,30대,대구광역시,300이상500만원 미만,온라인,N,N,N,N,N,N
53374413,202302,M,50대,부산광역시,300만원 미만,오프라인,N,N,N,N,N,N
53374467,202302,M,20대,경상남도,300만원 미만,온라인,N,N,N,N,N,N
53374517,202302,F,30대,경상북도,500이상700만원 미만,오프라인,N,N,N,N,N,N
53374639,202302,M,50대,충청북도,500이상700만원 미만,오프라인,N,N,N,N,N,N
53374640,202302,M,40대,부산광역시,300만원 미만,오프라인,N,N,N,N,N,N
53374670,202302,F,30대,제주특별자치도,300만원 미만,오프라인,N,N,N,N,N,N
53374712,202302,F,60대 이상,부산광역시,300만원 미만,온라인,N,N,N,N,N,N
53374714,202302,M,50대,부산광역시,500이상700만원 미만,오프라인,N,N,N,N,N,N
53374769,202302,F,60대 이상,강원도,500이상700만원 미만,온라인,Y,Y,N,N,N,N
53374876,202302,F,20대,경기도,300이상500만원 미만,오프라인,N,N,N,N,N,N
53374878,202302,F,50대,경기도,500이상700만원 미만,오프라인,N,N,N,N,N,N
53374926,202302,F,40대,부산광역시,700만원 이상,오프라인,Y,N,N,N,N,N
53375062,202302,F,60대 이상,강원도,300만원 미만,온라인,N,N,N,N,N,N
53375201,202302,F,20대,제주특별자치도,300이상500만원 미만,온라인,Y,Y,Y,N,N,N
53375281,202302,M,20대,충청남도,300만원 미만,온라인,N,N,N,N,N,N
53375323,202302,F,20대,부산광역시,500이상700만원 미만,온라인,N,N,Y,N,N,N
53375441,202302,F,20대,경기도,무응답,온라인,N,N,N,N,N,N
53375443,202302,F,40대,광주광역시,300이상500만원 미만,온라인,N,N,N,N,N,N
53375451,202302,M,20대,강원도,300이상500만원 미만,오프라인,N,N,N,N,N,N
53375470,202302,M,50대,전라북도,500이상700만원 미만,오프라인,N,N,N,N,N,N
53375662,202302,M,60대 이상,강원도,700만원 이상,오프라인,Y,N,N,N,N,N
53375816,202302,M,30대,울산광역시,500이상700만원 미만,온라인,Y,Y,Y,N,N,N
53375925,202302,M,40대,경기도,700만원 이상,온라인,N,N,N,N,N,N
53375951,202302,F,40대,강원도,500이상700만원 미만,오프라인,N,N,N,N,N,N
53376262,202302,M,50대,부산광역시,300만원 미만,온라인,N,Y,N,N,N,N
53376267,202302,M,20대,경기도,300만원 미만,온라인,N,N,N,N,N,N
53376289,202302,M,60대 이상,충청북도,500이상700만원 미만,오프라인,N,N,N,N,N,N
53376307,202302,F,50대,강원도,300이상500만원 미만,온라인,N,N,N,N,N,N
53376394,202302,F,50대,부산광역시,700만원 이상,오프라인,N,N,N,N,N,N
53376412,202302,M,50대,경상남도,무응답,온라인,N,N,N,N,N,N
53376458,202302,F,50대,경기도,무응답,오프라인,N,N,N,N,N,N
53376539,202302,M,50대,대전광역시,300이상500만원 미만,오프라인,N,N,N,N,N,N
53376575,202302,F,40대,전라남도,무응답,온라인,N,N,N,N,N,N
53376601,202302,M,30대,충청남도,무응답,오프라인,N,N,N,N,N,N
53376787,202302,F,40대,부산광역시,500이상700만원 미만,오프라인,N,N,N,N,N,N
53376835,202302,M,20대,부산광역시,무응답,오프라인,N,N,N,N,N,N
53376880,202302,F,40대,경상남도,300만원 미만,오프라인,N,N,N,N,N,N
53376912,202302,F,40대,경상북도,무응답,온라인,Y,N,N,N,N,N
53376990,202302,F,40대,부산광역시,300이상500만원 미만,오프라인,N,N,N,N,N,N
53377336,202302,F,60대 이상,부산광역시,무응답,오프라인,N,N,N,N,N,N
53377357,202302,F,20대,부산광역시,무응답,온라인,N,N,N,N,N,N
53377358,202302,F,40대,부산광역시,500이상700만원 미만,오프라인,N,N,N,N,N,N
53377422,202302,F,60대 이상,경기도,300만원 미만,온라인,N,N,N,N,N,N
53377432,202302,M,60대 이상,광주광역시,300이상500만원 미만,온라인,N,N,N,N,N,N
